1 1.96031563719501e-31
2 1
3 1
4 1.95393851767534e-31
5 0.294110907881051
6 0.493789466448168
7 0.651000904380155
8 0.783281237077887
9 0.897661840260433
10 1
11 1
12 1
13 1
14 1
15 0.89786116672683
16 0.783039324738109
17 0.651576907383808
18 0.493249808857771
19 0.293581186722803
20 3.88302523214603e-31
21 3.81000948030389e-31
22 4.07493518538431e-31
23 3.81550461305786e-31
24 3.89655162565422e-31
25 0.562434105915493
26 0.257619604220555
27 0.730850699522932
28 0.883021137510441
29 0.263073290241053
30 0.813043517974346
31 0.465331791588481
32 0.912724949293122
33 0.257662817732307
34 0.449740484617201
35 0.449158025347646
36 0.587165161462997
37 0.629018338727989
38 0.674539020853825
39 0.745475283799333
40 0.706239845758508
41 0.806136820214553
42 0.444966648490631
43 0.706723536114891
44 0.616193140535839
45 0.454787874161199
46 0.91422956977872
47 0.266451837170716
48 0.841256632698139
49 0.904157730811071
50 0.780366902496136
51 0.814524846459982
52 0.846035079714287
53 0.593855641259589
54 0.590343514886386
55 0.272757053082243
56 0.910197743828596
57 0.27611801465272
58 0.911375037980953