150 0.326800434460831
151 0.52302049787399
152 0.746027439668973
153 0.153607226527064
154 0.326800434460832
155 0.523020497873989
156 0.746027439668973
157 0.153607226527064
158 0.326800434460832
159 0.52302049787399
160 0.746027439668974
161 0.153607226527064
162 0.326800434460832
163 0.52302049787399
164 0.746027439668974
165 0.153607226527064
166 0.326800434460832
167 0.52302049787399
168 0.746027439668974
169 0.153607226527064
170 0.326800434460832
171 0.52302049787399
172 0.746027439668974
173 0.153607226527064
174 0.326800434460832
175 0.52302049787399
176 0.746027439668974
177 0.153607226527064
178 0.326800434460832
179 0.52302049787399
180 0.746027439668974
181 0.153607226527064
182 0.326800434460832
183 0.52302049787399
184 0.746027439668974
185 0.153607226527064
186 0.326800434460833
187 0.52302049787399
188 0.746027439668975
189 0.153607226527064
190 0.326800434460832
191 0.52302049787399
192 0.746027439668974
193 0.153607226527064
194 0.326800434460832
195 0.52302049787399
196 0.746027439668974
197 0.153607226527064
198 0.326800434460832
199 0.52302049787399
200 0.746027439668974
201 0.153607226527064
202 0.326800434460832
203 0.52302049787399
204 0.746027439668975
205 0.153607226527064
206 0.326800434460833
207 0.52302049787399
208 0.746027439668975
209 0.153607226527064
210 0.326800434460832
211 0.52302049787399
212 0.746027439668974
213 0.153607226527064
214 0.326800434460832
215 0.52302049787399
216 0.746027439668974