160 0.787419901293915
161 0.631577858118699
162 0.325647133396789
163 0.264181709364423
164 0.796339576770914
165 0.459812718608837
166 0.794081217154116
167 0.450017291576364
168 0.901886331952633
169 0.551003400713911
170 0.559061127809376
171 0.484777220396562
172 0.910117859512511
173 0.910512134676841
174 0.260047505842167
175 0.261680875421683
176 0.684537590992679
177 0.684626367386633
178 0.425355849252453
179 0.647224794198644
180 0.653363601432088
181 0.899681339997685
182 0.29474005143754
183 0.80565679683104
184 0.733850000304185
185 0.556869556047997
186 0.648047149072245
187 0.294134131259854
188 0.895481178091311
189 0.312889282811432
190 0.79528414512245
191 0.471716526058092
192 0.459027507569577
193 0.883614927225913
194 0.791446387319267
195 0.488615258888183
196 0.667522927152183
197 0.910501151198906
198 0.255901551988491
199 0.255653962851936
200 0.909550488032704
201 0.79889625202977
202 0.463914338525836
203 0.867785892526896
204 0.871641009378868
205 0.342887481085742
206 0.342466655368091
207 0.488495541297723
208 0.588776746789058
209 0.746885405598271
210 0.66666622578024
211 0.753143949798473
212 0.469108250174557
213 0.675822306164415
214 0.347263466490308
215 0.658632497761753
216 0.540380398381797
217 0.703905693067611
218 0.353105809568556
219 0.659834028322367
220 0.849155901782189
221 0.820071934974698
222 0.607694494681403
223 0.84290604491023
224 0.759595204252497
225 0.86658717921624
226 0.667114407750361
227 0.308019870155243
228 0.352877396534897
229 0.888717334008601
230 0.796687314928347
231 0.539665762222206
232 0.722969624597766
233 0.428720649718467
234 0.559944072007955
235 0.579683995600735
236 0.517596502179112
237 0.860384892653729
238 0.313657002389538
239 0.868807000345817
240 0.333204922166159
241 0.703105213119907