1 1.70435787348398e-31
2 1
3 1
4 1.70531016965481e-31
5 0.259991130008997
6 0.442191492267973
7 0.587285241731843
8 0.709935731755066
9 0.817108716429339
10 0.912994377720015
11 1
12 1
13 1
14 1
15 1
16 1
17 0.913002852016152
18 0.817109972018122
19 0.709948238172988
20 0.587276657888306
21 0.442250495960232
22 0.26008280234428
23 3.28212412103019e-31
24 3.33674415009957e-31
25 3.33740241448913e-31
26 3.33364526259223e-31
27 3.33415820357049e-31
28 3.2870202577472e-31
29 0.230760979430928
30 0.923677847655238
31 0.649282081572581
32 0.649627226851924
33 0.856504629346991
34 0.856077961394421
35 0.377703703612272
36 0.22728973607018
37 0.230864712668869
38 0.398170472077125
39 0.393059601542538
40 0.530650205214155
41 0.532316857254651
42 0.646429471892337
43 0.645328569150479
44 0.74796516215525
45 0.747083417685208
46 0.748204541724427
47 0.646530343449867
48 0.754361325259319
49 0.845242710003894
50 0.52444791273409
51 0.837924872818018
52 0.841804199866106
53 0.755032003302359
54 0.52746376557431
55 0.389122518425777
56 0.921394692678047
57 0.843593845871237
58 0.924749508410987
59 0.397416939448906
60 0.530832451797958
61 0.380062617818756
62 0.648294220356804
63 0.226610788683172
64 0.927921788568896
65 0.221046032296052
66 0.929319576170705
67 0.760283772638464
68 0.760301858669465
69 0.519260998260412
70 0.517838853930829
71 0.199838873125164
72 0.199730015434607
73 0.936939668062101
74 0.937297422432835