1 0 0 0
2 -0.023199600495093904 -0.34852582335588328 0
3 0.023173364522388908 -0.34852546611234586 0
4 0 0 0
5 -0.00322436025061858 -0.0022489702859850051 0
6 -0.0058920528524354799 -0.0067196553361533341 0
7 -0.0083269018544656886 -0.013826023486060513 0
8 -0.010692288274006317 -0.023196027894028023 0
9 -0.012559408959617763 -0.034470861804633907 0
10 -0.014552490953608515 -0.047646581402146435 0
11 -0.015985436883640087 -0.062393474569902692 0
12 -0.017506690246658105 -0.07856800312792768 0
13 -0.018581598347755655 -0.095930588128151986 0
14 -0.019693947966218754 -0.11435106133148759 0
15 -0.020458036133814535 -0.13361893186487636 0
16 -0.021225664893084445 -0.15362479406412546 0
17 -0.021735918154506928 -0.1741975490813237 0
18 -0.022230221048562201 -0.19525248622780209 0
19 -0.022543995562574658 -0.21665856856516777 0
20 -0.022829219631587728 -0.23835255978632153 0
21 -0.022993047761878466 -0.26023525268069997 0
22 -0.023118277479673065 -0.28224963555215871 0
23 -0.023176219495234126 -0.30432993617629467 0
24 -0.023196298149957762 -0.32643163284847998 0
25 -0.0077406032354521157 -0.34852355270279672 0
26 0.0077159433322906579 -0.348523017767979 0
27 0.023170807653112739 -0.32643380559735291 0
28 0.023149820252264221 -0.30433032105297791 0
29 0.02308611695854117 -0.282247651804303 0
30 0.022981884445187648 -0.26023727261997176 0
31 0.022782204039054548 -0.23834721450084748 0
32 0.022548759312248388 -0.2166645083440748 0
33 0.022166217294248388 -0.19524571795569631 0
34 0.021760944172120086 -0.17420521461057262 0
35 0.02113891466446681 -0.15361603948410599 0
36 0.020509282874631871 -0.13362864522424611 0
37 0.019578136625690475 -0.11434024718655286 0
38 0.018665414178749791 -0.095942220544358164 0
39 0.017355732261360075 -0.078555122468544583 0
40 0.016106454619671348 -0.062406821778940885 0
41 0.014359009723141851 -0.047637157444015449 0
42 0.012729047092059778 -0.034526240606184838 0
43 0.01057119431245143 -0.023089563604754473 0
44 0.0084056372418431415 -0.013774593274180858 0
45 0.0058787254945087226 -0.0067376932621147625 0
46 0.0031593726848087996 -0.0022786636164112565 0
47 0 0 0
48 0 0 0
49 0.00080688353253771357 -0.33406729968990762 0
50 5.4656229179584544e-05 -0.00055744197626379213 0
51 0.0040212340679824168 -0.27120146028726144 0
52 0.0039569133178139013 -0.22741281393016458 0
53 -0.0025195843517170028 -0.01074167935022724 0
54 0.0038325519470559016 -0.18456351245642608 0
55 -0.00205967528123537 -0.028070533950421039 0
56 -0.0026734537702852953 -0.054445231399587367 0
57 0.0036313556349471666 -0.14337023992086381 0
58 -0.003162181716878367 -0.086817716282478072 0
59 -0.0035197682692529189 -0.12367874503166881 0
60 -0.0078050525345493282 -0.28943629106000507 0
61 -0.0040206784383426224 -0.24922843212112791 0
62 0.0026785084038180706 -0.017865240452248 0
63 -0.0039279726755706099 -0.20583026631751761 0
64 0.0023515848223058674 -0.040415908786400792 0
65 0.0029116772185376048 -0.069979175803455224 0
66 -0.0037676289919842862 -0.16370708593429706 0
67 0.0033315628931705459 -0.1047750888766278 0
68 -0.0065136185244549097 -0.314340071862165 0
69 -0.0013091010662999506 -0.0037206192492371831 0
70 0.0010583095113252214 -0.00073943616519424392 0
71 -0.012968593461180835 -0.33526621266047241 0
72 0.013886057547476216 -0.33541484958210444 0
73 -0.00097007983174272362 -0.00066682674914327479 0
74 0.0020730532781590288 -0.0033588940249621307 0
75 0.011158914341827435 -0.31723491814582044 0
76 -0.010606150312775335 -0.14341863789949227 0
77 0.010187270537293611 -0.12373735673675751 0
78 -0.011188176795094427 -0.18459474953583577 0
79 -0.011547205538742106 -0.22743080927560594 0
80 -0.011736336065788907 -0.27121223077429391 0
81 0.011367073539201297 -0.20585448910722953 0
82 0.010904086220182099 -0.16374633458637536 0
83 0.01163473553306439 -0.24924059397352802 0
84 0.0097644703096267677 -0.29489491437426746 0
85 -0.0097377106893575711 -0.10484506144945795 0
86 0.0077370642060270965 -0.054555339578280085 0
87 0.0058715957028447879 -0.028246604568954097 0
88 0.0091516084271966811 -0.086899913570696166 0
89 0.0029321621333285885 -0.0089711285186482095 0
90 -0.0068994746488565319 -0.040531025207525009 0
91 -0.0085192924808489973 -0.070075027802752515 0
92 -0.0042182203142185227 -0.018252507812302296 0

