1 0 0 0
2 8.9935630013127576e-05 0.00096744793467654392 0
3 -8.9779648144752572e-05 0.00096746788140288315 0
4 0 0 0
5 -5.3582842767173917e-07 -3.0332604314645484e-06 0
6 1.3307620323486232e-06 -5.0243918064899754e-06 0
7 5.2272718461006983e-06 -3.9975887741231491e-06 0
8 1.1256614731722999e-05 2.1685237340920026e-06 0
9 1.7676307862377567e-05 1.4856014562307355e-05 0
10 2.6188389102586784e-05 3.5239498070856124e-05 0
11 3.3289174854328369e-05 6.3690818087376334e-05 0
12 4.1434804994655282e-05 9.9988136882504035e-05 0
13 4.7350485430372791e-05 0.00014320743162703399 0
14 5.3345909689890431e-05 0.00019237022868645297 0
15 5.729442911944298e-05 0.00024596210013306396 0
16 6.1215522712647461e-05 0.00030306516751614959 0
17 6.4061205509651501e-05 0.00036285036396933466 0
18 6.762270438244534e-05 0.00042524289627776662 0
19 7.0935258454152039e-05 0.00049069418402592781 0
20 7.5580920810900393e-05 0.00055993268769388813 0
21 7.971132498066614e-05 0.0006338189088682751 0
22 8.4399309021426032e-05 0.00071241909650643018 0
23 8.7642071626867684e-05 0.00079553722844031899 0
24 8.9448790954612084e-05 0.00088122013700490628 0
25 2.9953014492665822e-05 0.00096729044064428245 0
26 -2.9842270494924314e-05 0.00096728068655488775 0
27 -8.9366002824723173e-05 0.00088130928328660526 0
28 -8.7536377992827492e-05 0.00079546792337192992 0
29 -8.3991137714096748e-05 0.00071247292496725981 0
30 -8.0019030887217853e-05 0.00063373716179215833 0
31 -7.502269947598679e-05 0.00055992733667545498 0
32 -7.121686694820099e-05 0.00049067336419274807 0
33 -6.7187603413449191e-05 0.00042525815747800522 0
34 -6.4281094421292633e-05 0.00036284832434958276 0
35 -6.0802400576597613e-05 0.00030303837003538861 0
36 -5.760290245086244e-05 0.00024600506473326463 0
37 -5.2790361593488185e-05 0.00019230841008078441 0
38 -4.7874162513033225e-05 0.0001432638766244751 0
39 -4.0686200634971917e-05 9.993782473812205e-05 0
40 -3.3986804197041726e-05 6.3708668400511826e-05 0
41 -2.5362202333711955e-05 3.525989000662042e-05 0
42 -1.8369222074978964e-05 1.4910336687583181e-05 0
43 -1.0815496949614845e-05 2.019867011336465e-06 0
44 -5.2793939182846217e-06 -4.0755928459654056e-06 0
45 -1.256085526904417e-06 -5.0156753923663847e-06 0
46 6.1338260203550288e-07 -2.9207261011334386e-06 0
47 0 0 0
48 0 0 0
49 -3.1204119665083085e-06 0.00091090874823351886 0
50 2.613281452550829e-08 -1.9912582286314838e-06 0
51 -1.4234695162407276e-05 0.00067143796894033269 0
52 -1.2796116604622578e-05 0.00052375374324855652 0
53 1.5145080229967494e-06 -5.6875127980059354e-06 0
54 -1.1490669024246625e-05 0.00039291142505974724 0
55 2.6688775531950388e-06 5.8582961893885458e-06 0
56 5.2202149472974463e-06 4.6567045659618085e-05 0
57 -1.0308229344957319e-05 0.000273266378079947 0
58 7.7558973695422415e-06 0.00011919979131371834 0
59 9.6770657733076486e-06 0.00021759675973646481 0
60 2.8719820421843689e-05 0.00073842523823210214 0
61 1.3643515600846521e-05 0.0005951542636837855 0
62 -2.4753251846861163e-06 -2.981869812567734e-06 0
63 1.2204184850304309e-05 0.0004566453517782903 0
64 -3.8389282369237726e-06 2.2200575387834591e-05 0
65 -6.4871560378990204e-06 7.9094240067505926e-05 0
66 1.1003016756022167e-05 0.00033184873687908811 0
67 -8.7361160901399669e-06 0.00016580916986735838 0
68 2.4769448060018019e-05 0.0008337119378817214 0
69 3.5643088988789151e-07 -4.8093293296328105e-06 0
70 3.5456614135382547e-08 -1.6559583111483974e-06 0
71 5.0084372736719978e-05 0.00091567276080084623 0
72 -5.3567148144171881e-05 0.00091630432555242654 0
73 -5.4026572011610354e-08 -1.7233629409523364e-06 0
74 -4.1248446160733928e-07 -4.2728011943276813e-06 0
75 -4.2522371165400698e-05 0.00084514956503810887 0
76 3.0150503714564631e-05 0.00027352024834352031 0
77 -2.8034794896318428e-05 0.00021790195516326524 0
78 3.3534860517776997e-05 0.00039314171994940929 0
79 3.7316149110813283e-05 0.00052403945777669547 0
80 4.178538692694477e-05 0.00067183364765772014 0
81 -3.5206548267294379e-05 0.00045690111900301053 0
82 -3.1796148714273709e-05 0.00033207433162844933 0
83 -3.9413755680532408e-05 0.00059543231753214382 0
84 -3.6340256139125868e-05 0.00075897255153494891 0
85 2.5599236381658429e-05 0.00016618591274566213 0
86 -1.5085238524766909e-05 4.7096706548527521e-05 0
87 -7.3880790832677955e-06 6.4248871174683447e-06 0
88 -2.2482889593060961e-05 0.000119645099458968 0
89 -1.4478965648062648e-06 -5.7911386761955533e-06 0
90 1.1200404097965731e-05 2.2696981750101324e-05 0
91 1.9003317527490504e-05 7.9598957693752066e-05 0
92 3.7884485566876865e-06 -2.3038283781125356e-06 0

