1 0 0 0
2 7.524882765110963e-05 0.00071177549989904403 0
3 -7.5217065164090251e-05 0.00071179946017851166 0
4 0 0 0
5 4.1652463304606931e-08 -7.8156088970079362e-07 0
6 7.838745939933117e-07 -1.1565700767895761e-06 0
7 2.2079166998674708e-06 -4.8191086249282972e-07 0
8 4.4838056522858117e-06 1.8961051066135371e-06 0
9 7.1210806521520068e-06 6.662940880509981e-06 0
10 1.1093222572074617e-05 1.4514295633358496e-05 0
11 1.4964327520957794e-05 2.627487605127623e-05 0
12 2.0333170669143582e-05 4.2443674038357051e-05 0
13 2.5176727032846538e-05 6.3703295438117042e-05 0
14 3.1431310903529522e-05 9.0356018020619326e-05 0
15 3.6729248714921224e-05 0.00012270974119379339 0
16 4.319796842565833e-05 0.0001608254953854803 0
17 4.8402700601645642e-05 0.00020463492625921094 0
18 5.4445905200187286e-05 0.0002539997644362756 0
19 5.9050297966121969e-05 0.00030851425471548202 0
20 6.406501140734522e-05 0.00036784639871494183 0
21 6.759542495107363e-05 0.00043128553608892065 0
22 7.1018481289583427e-05 0.00049812816857776148 0
23 7.3259749506211189e-05 0.00056772226998715784 0
24 7.4676487583623204e-05 0.00063916317582656782 0
25 2.4929606709791129e-05 0.00071165098698109405 0
26 -2.4922190544860428e-05 0.00071164933031894165 0
27 -7.4701803370279753e-05 0.00063921781115045624 0
28 -7.3239070897329844e-05 0.00056769995494463136 0
29 -7.0789516446114406e-05 0.00049812855290179273 0
30 -6.7911767184624972e-05 0.00043126677147377546 0
31 -6.3623006590237725e-05 0.00036779794410632291 0
32 -5.9509652316899257e-05 0.00030855068745760272 0
33 -5.3910436981688414e-05 0.00025397403722734899 0
34 -4.8944005728808396e-05 0.00020465187448847645 0
35 -4.2611995932309993e-05 0.00016081730499669245 0
36 -3.7295970574013969e-05 0.00012270776125165167 0
37 -3.0851131104820922e-05 9.0367089630264322e-05 0
38 -2.5710698853806309e-05 6.368187000894587e-05 0
39 -1.9818875566439446e-05 4.2472918347459488e-05 0
40 -1.54060796998282e-05 2.6236723413104157e-05 0
41 -1.069235267433825e-05 1.4561598420825581e-05 0
42 -7.4338409698272536e-06 6.6588949132023413e-06 0
43 -4.3128281392818004e-06 1.854945375181466e-06 0
44 -2.231468032356621e-06 -5.2811946174585068e-07 0
45 -7.6715124086291755e-07 -1.1416502642845944e-06 0
46 -1.8189840988467334e-08 -7.3987358308497773e-07 0
47 0 0 0
48 0 0 0
49 -2.6382892832021779e-06 0.00066405797013170339 0
50 5.5782725290771211e-09 -5.710306663081493e-07 0
51 -1.2068617059604456e-05 0.00046352906123600868 0
52 -1.0754509202560467e-05 0.00033651063730955923 0
53 6.5003869401906416e-07 -1.187438036632759e-06 0
54 -8.9884400475297711e-06 0.00022730349953149865 0
55 1.0833734297281967e-06 3.2056311635364466e-06 0
56 2.316853818493042e-06 1.8831341323819648e-05 0
57 -6.9927888801967146e-06 0.0001396120836281257 0
58 4.0113371090585222e-06 5.1112957676547969e-05 0
59 5.9808767374561946e-06 0.00010438910982321871 0
60 2.409461477318646e-05 0.00052008267202993501 0
61 1.1494848605819014e-05 0.00039812609625696058 0
62 -1.0102905593825205e-06 -5.1311413987250204e-08 0
63 9.9247575307162834e-06 0.00027939405161762616 0
64 -1.6221987970032372e-06 9.2865105812992407e-06 0
65 -3.1094634893956076e-06 3.2569728248437566e-05 0
66 8.0204395996178035e-06 0.00018062499869846418 0
67 -4.9633271007604857e-06 7.494383803761389e-05 0
68 2.0650604149932237e-05 0.00059957970687117828 0
69 1.9908023856260608e-07 -1.2500271368411012e-06 0
70 -5.9095429946787463e-08 -4.5399595644796328e-07 0
71 4.1756839718285287e-05 0.00066805123572951644 0
72 -4.4767811298145344e-05 0.00066858243967413405 0
73 4.5853073058980036e-08 -4.8037828197797808e-07 0
74 -2.6931199569664569e-07 -1.0973707720479276e-06 0
75 -3.5579873886574845e-05 0.00060908751400833732 0
76 2.0337164263712145e-05 0.00014001498855313634 0
77 -1.7339899443079981e-05 0.00010479017607246203 0
78 2.6158304098274969e-05 0.00022767965047909574 0
79 3.1302413134346502e-05 0.00033682058103145016 0
80 3.5252786706242706e-05 0.00046382218319090246 0
81 -2.8836616596807947e-05 0.00027974349454508408 0
82 -2.3284144446854925e-05 0.00018101925754598647 0
83 -3.3429920474153782e-05 0.00039837753423845729 0
84 -3.0507507542503028e-05 0.0005373038262316232 0
85 1.4415445459444947e-05 7.5333085742781505e-05 0
86 -6.6635710540088933e-06 1.9124966957554675e-05 0
87 -2.9904677750704529e-06 3.4443083733850823e-06 0
88 -1.1597500880987554e-05 5.1479335671637966e-05 0
89 -6.6290633079648872e-07 -1.2916266636814699e-06 0
90 4.6680202266296821e-06 9.5238527453979678e-06 0
91 9.0036274812399125e-06 3.2904548680725578e-05 0
92 1.5394527128008574e-06 2.0822690676244427e-07 0

