169 59.108100782526002 -1047.8799090952512 0
170 110.7176743338518 -1368.1413313919372 0
171 170.87140735921525 -1697.3330176462705 0
172 238.33314904318638 -2030.5404476868105 0
173 313.01693813048178 -2364.9011412382724 0
174 396.4010031910131 -2697.9126796307564 0
175 491.86157486804325 -3025.163121763484 0
176 604.86940463173494 -3337.6213688045686 0
177 742.98961542161669 -3618.6703893113913 0
178 915.62258063379727 -3841.1389402680379 0
179 1133.4215809850143 -3964.6711711715666 0
180 1407.3286439270648 -3933.8672007043838 0
181 1747.1882522395251 -3677.72075070649 0
182 2159.9355693002703 -3110.9532683856237 0
183 2647.4165155377573 -2137.8673242888312 0
184 3203.9825272132198 -659.28375438646481 0
185 3814.1028562479951 1417.0747774567744 0
186 4450.3957893635506 4162.7325493329172 0
187 5072.4600268659215 7611.9494208205952 0
188 5628.1841469777864 11740.964463234261 0
189 6043.3489683776734 16457.325233292893 0
