1 -1.0270876551925341e-27 -5.5337516742332784e-28 0
2 -34.185893677988027 -516.00487079271568 0
3 34.185893678216182 -516.00487079271932 0
4 1.0270876543919063e-27 -5.5337516653764353e-28 0
5 -3.5797953943889156 -2.4643605757906917 0
6 -34.183816797542868 -489.70213067843787 0
7 -34.138359688277127 -437.08787105911262 0
8 -33.957812774688044 -384.58520729438061 0
9 -33.545856563491313 -332.47344944927983 0
10 -32.802633009622888 -281.18374415636265 0
11 -31.626728209098388 -231.30343097595559 0
12 -29.91729315566247 -183.57687956082964 0
13 -27.576364429958158 -138.90309031796747 0
14 -24.511808233827875 -98.329433181939791 0
15 -20.640846798922887 -63.039987609904053 0
16 -15.892758960364954 -34.337898686610657 0
17 -10.207224475440336 -13.625324330092498 0
18 -6.9948139032108596 -6.7193880661769763 0
19 -13.171401270731936 -22.890883636248109 0
20 -18.380386231185874 -47.779947299201339 0
21 -22.681847465822095 -79.945286832277262 0
22 -26.139974077632679 -118.03276382856997 0
23 -28.831700671486235 -160.79630033184094 0
24 -30.844922767729379 -207.11832054209466 0
25 -32.275107358423654 -256.02455882740344 0
26 -33.221979738186185 -306.69281779464353 0
27 -33.786941024359656 -358.45714703789304 0
28 -34.070888532772464 -410.80861082333007 0
29 -34.172103932532494 -463.39280394769366 0
30 -22.7892230043478 -516.00431714945341 0
31 -1.6621429828293566e-08 -516.00301209667418 0
32 22.789223004568942 -516.00431714945239 0
33 -11.39406988179781 -516.00341733814037 0
34 11.394069881902293 -516.00341733813843 0
35 34.183816797736227 -489.70213052035484 0
36 3.5797953737968249 -2.4643605572732921 0
37 10.20722445591948 -13.625324278676576 0
38 15.892758947868122 -34.337898626178195 0
39 20.640846793892919 -63.039987570846726 0
40 24.511808229835232 -98.329433135679324 0
41 27.576364430228598 -138.90309031796576 0
42 29.9172931687446 -183.57687985553159 0
43 31.626728209289901 -231.30343097595295 0
44 32.802633008694087 -281.18374409479145 0
45 33.545856563031236 -332.47344938637463 0
46 33.957812774226596 -384.58520716713446 0
47 34.138359688189155 -437.08787089179742 0
48 34.172103932755981 -463.39280394759453 0
49 34.070888532984149 -410.80861082335809 0
50 33.78694102456511 -358.4571470384335 0
