1 0 0 0
2 8.4081261608893358e-05 0.00087608966184146361 0
3 -8.4056883056923343e-05 0.00087611371852681029 0
4 0 0 0
5 2.1810810603933495e-06 7.095863400341052e-07 0
6 4.6918887283793154e-06 3.3204724616457196e-06 0
7 7.7009459902525264e-06 8.7427355414988112e-06 0
8 1.1444543573754541e-05 1.736161092878541e-05 0
9 1.5135533728079824e-05 2.9522262559899657e-05 0
10 2.0054597532503679e-05 4.5801328549538132e-05 0
11 2.4437335313224262e-05 6.6616159855791365e-05 0
12 3.0145026734276953e-05 9.2244216327746711e-05 0
13 3.5075604252589878e-05 0.00012306977401946846 0
14 4.127671957649804e-05 0.00015926592069006641 0
15 4.6449103896278362e-05 0.0002010040636038299 0
16 5.2720122578344607e-05 0.00024831854516618892 0
17 5.7750672653250199e-05 0.00030111846175910519 0
18 6.3592118584561736e-05 0.00035927290129101822 0
19 6.8054374247225897e-05 0.00042239784099371111 0
20 7.2946078891787894e-05 0.00049019153308569804 0
21 7.642547776426153e-05 0.00056201504687091689 0
22 7.9837278029603153e-05 0.00063722348469315597 0
23 8.2088020512082353e-05 0.00071521603943608598 0
24 8.3509567545777264e-05 0.00079506887565492781 0
25 2.7872924369646724e-05 0.00087596617042173548 0
26 -2.7873098283504276e-05 0.00087596453564871008 0
27 -8.3542481354524119e-05 0.00079512386041992293 0
28 -8.2075936425746965e-05 0.00071519186130765682 0
29 -7.9615829471598641e-05 0.00063722686657038247 0
30 -7.6745486714084534e-05 0.00056199394464381738 0
31 -7.2518407433732544e-05 0.00049014613836891941 0
32 -6.8505725947951501e-05 0.0004224320611524307 0
33 -6.3077949741202938e-05 0.00035924921459583688 0
34 -5.8276958177275373e-05 0.00030113554706349976 0
35 -5.2154945467716334e-05 0.00024830955497067201 0
36 -4.7001298750002878e-05 0.00020100613321522316 0
37 -4.0705998076223533e-05 0.00015927120041467205 0
38 -3.5610335296745541e-05 0.0001230586977833483 0
39 -2.9608300116606973e-05 9.2260783814105229e-05 0
40 -2.4917307503691962e-05 6.6594711743369204e-05 0
41 -1.9576682385167612e-05 4.5834625199831022e-05 0
42 -1.5543270171176121e-05 2.9561061834398879e-05 0
43 -1.1211447806670783e-05 1.7248311718944434e-05 0
44 -7.78233120736354e-06 8.6693694589938309e-06 0
45 -4.6684329098034513e-06 3.3449178824633175e-06 0
46 -2.1151855274496654e-06 7.7002741310480789e-07 0
47 0 0 0
48 0 0 0
49 -2.9542890069186711e-06 0.00082287009788417555 0
50 -3.1712896747287228e-08 -2.0217939168794469e-07 0
51 -1.3620260988177596e-05 0.00059844237975031607 0
52 -1.2326850479209465e-05 0.00045466683686901219 0
53 2.3096337865780829e-06 5.9892003699779708e-06 0
54 -1.0611592653060283e-05 0.00032825092132164222 0
55 2.3992714837529026e-06 2.1934931779743336e-05 0
56 3.9193453656546006e-06 5.4442317102013279e-05 0
57 -8.6784416878951469e-06 0.0002225750883322788 0
58 5.729952863220475e-06 0.00010566619889396915 0
59 7.6913821800961314e-06 0.00017804526192904293 0
60 2.7067534928000845e-05 0.00066191483136321947 0
61 1.304672884777703e-05 0.00052468332334490583 0
62 -2.7623715092947669e-06 1.1897896174129736e-05 0
63 1.1514453998676681e-05 0.00038903102345505243 0
64 -3.0932266882094976e-06 3.6055660493921329e-05 0
65 -4.7872137717278662e-06 7.7534643000118977e-05 0
66 9.6721463269355994e-06 0.00027268493430804584 0
67 -6.6877819279442087e-06 0.00013910691888181477 0
68 2.3127778474594985e-05 0.0007508831783802917 0
69 1.0641364731941376e-06 1.2254783419730933e-06 0
70 -7.6142215810401156e-07 3.4832255647624771e-08 0
71 4.6693359953428407e-05 0.00082731939292416811 0
72 -5.0071185823483285e-05 0.00082790710701284326 0
73 6.8915264616608767e-07 -3.9686402794630967e-08 0
74 -1.6430674679602567e-06 1.1341984752729553e-06 0
75 -3.9845053390239226e-05 0.00076149223974448631 0
76 2.5231206236185393e-05 0.00022296595914092301 0
77 -2.23140598307007e-05 0.00017843790743042251 0
78 3.0863309142036608e-05 0.00032861461583050022 0
79 3.5853446498519978e-05 0.00045496927665687135 0
80 3.9743308062080235e-05 0.00059873424383726827 0
81 -3.3460472739580326e-05 0.00038937018897228378 0
82 -2.8087242055407179e-05 0.00027306648983082703 0
83 -3.794440046510807e-05 0.00052493075756208723 0
84 -3.4244306535796244e-05 0.00068120889972802384 0
85 1.943445413235216e-05 0.00013949370962029783 0
86 -1.1332183717639689e-05 5.477624665284537e-05 0
87 -6.7693232007917209e-06 2.227328821536289e-05 0
88 -1.6599595138151019e-05 0.00010604071976110008 0
89 -2.5999062068509612e-06 4.6967052810402623e-06 0
90 8.9802860380272505e-06 3.634618791246475e-05 0
91 1.3901952743148765e-05 7.7891597735053948e-05 0
92 4.2947329709821801e-06 1.2404100548424011e-05 0

