1 4.4950286569977765e-28 2.4204575545292453e-28 0
2 15.088148101158724 226.72227401023906 0
3 -15.08814810124089 226.72227401024094 0
4 -4.4950286535311175e-28 2.4204575506826074e-28 0
5 1.565873029083426 1.0824707083996912 0
6 15.087283876079612 215.1134329580168 0
7 15.067494915970716 191.89135368448456 0
8 14.98712226571555 168.71726539110509 0
9 14.799629463971527 145.71720115319701 0
10 14.455093410990216 123.09416371796107 0
11 13.907388998512664 101.1300667015073 0
12 13.11990702382068 80.171131816962429 0
13 12.061309935018212 60.611218056276847 0
14 10.698959952439189 42.891501142844774 0
15 8.9994858210134279 27.505077895835161 0
16 6.9293348751157602 14.996140810480583 0
17 4.4549330893116936 5.961989433542576 0
18 3.0556494023778149 2.9450826939035291 0
19 5.7450089181762261 10.004947058325111 0
20 8.0128737279239033 20.854821289092001 0
21 9.8934372049011081 34.873826790104665 0
22 11.420203180990979 51.491723891517331 0
23 12.626484216536086 70.18992456591404 0
24 13.54559560446064 90.501364331459527 0
25 14.209149322438542 112.00936277884314 0
26 14.650069579464182 134.34268731227095 0
27 14.909868046803201 157.18469628003095 0
28 15.037664641792237 180.29212178256307 0
29 15.082247021960075 203.50155578085221 0
30 10.058170401365079 226.72203669149735 0
31 7.3451947142391224e-09 226.72146918104679 0
32 -10.058170401444109 226.7220366914969 0
33 5.0288489986338769 226.7216457328386 0
34 -5.0288489986614957 226.72164573283797 0
35 -15.087283876147051 215.11343288824548 0
36 -1.565873020089922 1.0824707002834597 0
37 -4.4549330808120242 5.9619894110960852 0
38 -6.9293348696726031 14.996140784135509 0
39 -8.9994858188095073 27.505077878811608 0
40 -10.698959950668621 42.891501122659953 0
41 -12.061309935127836 60.611218056275476 0
42 -13.119907029781585 80.171131946184786 0
43 -13.907388998584802 101.13006670150568 0
44 -14.455093410537982 123.09416369082187 0
45 -14.799629463740636 145.71720112543883 0
46 -14.987122265489583 168.71726533494024 0
47 -15.067494915914796 191.89135361063481 0
48 -15.082247022040693 203.5015557808085 0
49 -15.037664641868501 180.2921217825741 0
50 -14.909868046877603 157.18469628026878 0
