1 0.0010374081620822145 9.0121499373737546 4490.2363939728411
2 -3.4914622299591222e-26 -1.807127799058919e-26 -9.0808908656804664e-24
3 -3.4857254854608895e-26 -1.8380701950026169e-26 -9.080891498470421e-24
4 3.4853121413494141e-26 -1.8380711748237217e-26 -9.0808914751302519e-24
5 3.491048885846779e-26 -1.8071268192347697e-26 -9.0808908423383092e-24
6 0.0010374453385317824 9.0121499373719693 4490.236393972913
7 0.0010374453062751367 9.0121499439197077 4490.2363939728812
8 0.0010374081943157116 9.0121499439195834 4490.2363939728648
9 5.3235770024692422e-29 -3.6451969132809772e-26 -1.8162918767397169e-23
10 58.049049937359825 11.430371716350491 5665.5693008467388
11 -30.336028323942788 8.5744057469245121 4182.3325896303677
12 11.88660252320874 9.0188420757584815 4570.9674652047697
13 -4.1361497730702004 9.0539250327372134 4469.0505507664584
14 1.3504544558436247 8.9857106730718534 4495.8010306412843
15 -0.42127635020567639 9.0242335349651466 4488.7734786051878
16 0.12946509959666438 9.0073390247976928 4490.6213374106146
17 -0.037199880739025068 9.0139201227925003 4490.1350093085894
18 0.01223767300122508 9.0115315422586839 4490.2631207810045
19 -0.0022008503520149865 9.0123580997997248 4490.2293418822746
20 0.0019637580841672382 9.0120818107319867 4490.2382564643467
21 0.00077480295357098487 9.0121717532501702 4490.2359016740065
22 0.0011113162614545897 9.0121430805920006 4490.2365242544283
23 0.0010167753994959929 9.0121520665861734 4490.2363595044608
24 0.0010431650000915936 9.0121492900352127 4490.2364031395373
25 0.0010358405896546843 9.0121501377217026 4490.2363915725418
26 0.0010378632651320738 9.0121498815423315 4490.236394641518
27 0.0010373066482624396 9.0121499583818334 4490.2363938257458
28 0.0010374617056885243 9.0121499350754899 4490.236394046261
29 0.0010374267656194061 9.0121499406468608 4490.236393987544
30 0.0010373917350023337 9.0121499464643389 4490.2363940462492
31 0.001037547059873415 9.0121499223967696 4490.236393825704
32 0.0010369894895343745 9.0121500020915501 4490.2363946417454
33 0.001039015606719597 9.0121497349817457 4490.2363915717415
34 0.0010316788094449632 9.0121506245007357 4490.236403142263
35 0.0010581127924208793 9.0121476879582421 4490.2363594954177
36 0.00096341372127842022 9.0121572859164001 4490.2365242836977
37 0.0013004876644897891 9.0121262727062259 4490.2359015802504
38 0.00010955952916425798 9.01222516571924 4490.2382567598434
39 0.004281054931444565 9.0119146529293062 4490.2293409686126
40 -0.010181273149624621 9.0128720567857687 4490.2631235417493
41 0.039337576517412341 9.0099832688339827 4490.1350012049797
42 -0.12760086842485724 9.0184763997021307 4490.6213603207207
43 0.42404259020675544 8.9942738809605043 4488.7734170308458
44 -1.3505856469946036 9.0607262231622361 4495.8011846176496
45 4.1449803820083337 8.8857813957301328 4469.0502063805079
46 -11.903916858717658 9.3286925840576842 4570.9680969946321
47 30.387537022934808 8.2149010367542221 4182.3318676122826
48 -58.141307077082061 11.312140884793791 5665.5690179906342
49 6.9764011829872355e-26 -3.6452360234679091e-26 -1.816178180925218e-23
50 -6.1503173512184431e-29 -3.6451988729943681e-26 -1.8162918767399077e-23
