1 0.0031274155160610178 0.031922957449402906 2.1755855923706496e-06
2 2.8583063918426597e-34 2.5613024066007136e-35 2.0215064056553577e-34
3 -2.8583063918450147e-34 2.5613024065694588e-35 -2.0215064056593233e-34
4 2.858306391831748e-34 2.5613024065074347e-35 -2.0215064056642955e-34
5 -2.8583063918294614e-34 2.561302406542164e-35 2.0215064056603783e-34
6 -0.0031274155160610799 0.031922957449407978 2.1755855796160423e-06
7 0.0031274155160611614 0.031922957449407971 -2.1755855803733757e-06
8 -0.0031274155160612334 0.031922957449402961 -2.175585593134409e-06
9 -5.010377445469968e-34 5.5048715843452773e-35 -1.0099579409568728e-45
10 -7.5504259060010559e-05 2.4407743837721119e-05 -1.378147716105515e-05
11 -0.00017620770350336654 0.00013131742188505029 -1.44074256366962e-05
12 -0.0002958393944020613 0.0003500318300708623 -1.7197803738742639e-05
13 -0.00043401834128428874 0.00069793129437223215 -1.961551809121349e-05
14 -0.00059006207604966323 0.0011940158638696866 -2.1911937353764341e-05
15 -0.00076263942039209132 0.0018558066164473625 -2.4010935664269095e-05
16 -0.00095000278718362712 0.0026994392586045819 -2.5840948097404665e-05
17 -0.0011498986362986489 0.0037390244209455294 -2.7338754006323349e-05
18 -0.0013595856681618721 0.0049861693963346937 -2.8439655277549175e-05
19 -0.0015758556361835658 0.0064494793957054894 -2.90836566185143e-05
20 -0.0017950673862930499 0.0081341006780750041 -2.9215732752692298e-05
21 -0.0020131874467727282 0.010041304880609428 -2.878639782110076e-05
22 -0.0022258300658361662 0.012168120196447054 -2.7751229312850903e-05
23 -0.0024282900319559718 0.014507005693243669 -2.6069203378590757e-05
24 -0.0026155619923920411 0.01704555537190058 -2.3701266895553874e-05
25 -0.0027823357516085691 0.019766223882985753 -2.0605710490045039e-05
26 -0.0029229879268375639 0.022646006113432385 -1.6727093360913548e-05
27 -0.0030314881961626054 0.025656235205600179 -1.2110255597575427e-05
28 -0.0031012243778887377 0.028761554240831717 -6.0016592612224588e-06
29 -0.0031280456365023745 0.031923438416951049 -6.7650486720969004e-15
30 -0.0031012243778885157 0.028761554240831953 6.001659248188702e-06
31 -0.0030314881961621956 0.025656235205595814 1.2110255585001691e-05
32 -0.0029229879268375504 0.022646006113440403 1.6727093348640705e-05
33 -0.0027823357516100294 0.019766223883020524 2.0605710478027654e-05
34 -0.0026155619923953917 0.017045555371958669 2.3701266884015131e-05
35 -0.0024282900319614839 0.014507005693321117 2.6069203367814831e-05
36 -0.002225830065843982 0.012168120196539395 2.7751229303103133e-05
37 -0.002013187446782853 0.010041304880712075 2.8786397812681466e-05
38 -0.0017950673863054111 0.0081341006781834348 2.9215732745853418e-05
39 -0.00157585563619777 0.0064494793958139287 2.9083656613319098e-05
40 -0.0013595856681744584 0.0049861693964186778 2.8439655273902898e-05
41 -0.0011498986363093139 0.0037390244210079846 2.7338754004091427e-05
42 -0.00095000278719240959 0.0026994392586490441 2.5840948096280168e-05
43 -0.00076263942039904269 0.0018558066164773119 2.4010935663937079e-05
44 -0.00059006207605490166 0.001194015863888416 2.1911937353930254e-05
45 -0.00043401834128798463 0.00069793129438273146 1.9615518091627655e-05
46 -0.00029583939440441722 0.00035003183007578821 1.7197803739209778e-05
47 -0.00017620770350473177 0.00013131742188675195 1.4407425637082472e-05
48 -7.5504259060564153e-05 2.4407743837953108e-05 1.3781477161216972e-05
49 -3.7474868406244275e-36 -1.951299199536985e-34 1.2200585315773536e-35
50 5.0103774454699184e-34 5.5048715843420037e-35 1.0003991242203582e-45
