1 159911471.2070522 10224273.755594065 6387319993.2046242
2 1.9242551626179824e-55 5.2402356449789534e-58 1.1117429671693686e-55
3 1.4311905033119731e-55 -4.4148350283204487e-58 8.1304990919456511e-56
4 -1.9207647392020506e-55 -6.6606634308186404e-57 -9.8321332991427042e-56
5 -1.4360940747670691e-55 6.6902306993781977e-57 -6.848196610195382e-56
6 -170090090.52081832 9765731.3783571385 6388513928.4856977
7 -169961104.00251269 9755192.1656164322 6387291969.5421295
8 159795823.43729058 10274515.715140739 6388534218.3163528
9 53661488.077685311 -800214.78948161658 178871480.03101042
10 85121029.623619944 688666.17816764372 535853256.38141382
11 110232886.03715438 1984938.2213193974 1042082266.8040936
12 128605609.58161867 3228877.754411581 1661827508.3151617
13 141287843.85356489 4007990.1339085586 2360533291.903419
14 151608607.29857841 6334237.6972562457 3127889436.9488258
15 156089814.21835569 7919246.2807972515 3925325902.6334729
16 158260612.37350908 9490959.7861722764 4740757797.8598976
17 159573096.58969486 10130570.437965551 5563551315.6809053
18 -169831526.23991066 9579227.6001180969 5563659583.3595495
19 -168989741.38955534 8853573.7547841333 4740790250.0501347
20 -166517396.90588304 7927773.2720449073 3925596273.310586
21 -160781374.7774311 6613403.3112302395 3128125314.5770311
22 -151428503.54698175 5696559.9548505647 2361347215.1586337
23 -134668666.3013567 3426509.7865082552 1663754990.1416514
24 -113951154.62028122 1835748.6338060875 1044520361.651484
25 -86212214.855648443 405322.5258703971 538793091.15700686
26 -50604480.846768074 511763.29989341076 183286116.30802771
27 54238907.97446762 1603774.1348703147 178910736.41312841
28 86120659.858576745 1824484.6451836147 535921133.9552539
29 111494202.27312499 2884173.7191189197 1042178567.2625924
30 130007560.23785272 4371405.2363921525 1661941336.2159083
31 142747743.53932285 6494199.2088406645 2360657523.5800066
32 153077792.32211015 7119888.4381197514 3128026389.3034821
33 157509796.10062307 8453696.3774418887 3925364709.5586443
34 159179803.36629698 9512728.609644115 4739828622.4697142
35 159709316.13580811 10130651.059956633 5562359204.5813961
36 -169708455.12132925 9719470.1567377523 5562535229.3810854
37 -168327729.34896851 9320553.7196608167 4740132523.7308254
38 -164874487.94373813 8531104.2297233436 3925641873.5500174
39 -159300455.06251732 6935952.4676091112 3128263089.5982313
40 -149967544.6278933 4905774.5013093147 2361470318.7083755
41 -133260896.61520137 4265559.0473646102 1663863775.4623284
42 -112677061.99636605 3111371.8452262976 1044606107.6119174
43 -85189555.15923731 2163850.9589716992 538842930.21095514
44 -49982140.054327041 317239.63865921908 183293162.69781631
45 146779230.97053573 5987640.7069098335 2737637021.583333
46 66794687.128236912 759122.11107401957 323654164.70919693
47 135308184.06387433 4517122.0275819423 1999430119.248878
48 118893798.93061036 3094348.0097096995 1332603956.2744262
49 96451427.462713048 1801198.2602711639 762777589.31075025
50 27310965.975075416 111965.89112684295 58049079.141804792
51 159434688.37701824 9856071.6431140658 5150973029.1768579
52 159852969.97625634 10187383.538008973 5975486694.6389208
53 153585613.07179949 7464906.8873153506 3521428150.9626403
54 157575344.78367171 8805116.4337293897 4330321366.1060181
55 -144779745.89171043 4565953.883486026 2001131608.0026956
56 -169991647.08182764 9698229.8241536133 5975439493.8174305
57 -169407051.66481522 9401129.0647379868 5150949593.2576971
58 -156544377.32955524 6037835.5914165629 2737869484.6996746
59 -163835754.9770427 7503626.1964121321 3522004006.7377529
60 -167434784.04752284 8896900.3881373387 4330961354.8993559
61 -76645122.81057243 784750.44387475098 325553057.1134032
62 -128722436.42906103 3139017.4063039464 1334054117.8028495
63 -106184431.26668176 1838563.8869615714 764472141.10273242
64 -39291889.153470933 117740.44801487069 58319282.39296905
