1 12.742899629220155 14.783057362370471 130.35646890442149
2 -9.9781121183406065e-37 2.3987610109250288e-37 1.5474405781944954e-36
3 -9.0917758642759579e-37 1.1933157626434904e-37 1.524414380020688e-36
4 8.6833592342113626e-37 4.0440858819756095e-38 1.7097137405838564e-36
5 9.5696954882485018e-37 3.1876681851530893e-37 1.7327399387499786e-36
6 5.0816886309432361 14.482968823225846 129.63140825083312
7 5.4168778731970368 14.754572738451929 129.62811209447733
8 12.407710386965485 14.454484199344288 130.35317274806698
9 -8.6701941606907561e-41 4.3639146674659889e-37 2.563915692823701e-36
10 8.2756290974334211e-10 -1.8839740346508745e-11 -1.1095375886101245e-09
11 -3.2152069870089275e-09 1.3315356483964042e-10 4.4739881429100675e-09
12 1.1712942198689313e-08 -7.1358854310789036e-10 -1.6986092523104318e-08
13 -4.2289253881334592e-08 3.4391884815472383e-09 6.429954600061764e-08
14 1.5176344805800131e-07 -1.5618281867940505e-08 -2.4358760035746077e-07
15 -5.4106300875655877e-07 6.82277201403152e-08 9.2373453140113675e-07
16 1.914527496241976e-06 -2.8993955460574485e-07 -3.5066556156708732e-06
17 -6.7153604736472638e-06 1.2067488817956314e-06 1.3325792920914632e-05
18 2.3310851537305342e-05 -4.9407913390199792e-06 -5.0692593069281031e-05
19 -7.9902756240337802e-05 1.9959278546466318e-05 0.00019303810408311127
20 0.00026960507704183208 -7.9721875444613332e-05 -0.0007358384645897233
21 -0.00089142801237276545 0.00031532313348378224 0.0028077276424996449
22 0.0028681785955824504 -0.0012364143786380529 -0.010723858919236705
23 -0.0088772210333041193 0.004810138574027541 0.040997742932766292
24 0.025876043687981558 -0.018577794677718633 -0.15688063481144773
25 -0.06784877726747704 0.071261327095474142 0.60084971822539701
26 0.13978800954780962 -0.27155160222485253 -2.303218122523548
27 -0.074810857267519418 1.0281305829294307 8.8361199967943005
28 -1.4776558028557856 -3.8676515866578085 -33.925742253643406
29 8.7397831484985371 14.468743804227515 129.92834428995991
30 -2.9751881997128913 -3.8451264449122511 -34.071546920287197
31 1.2085786062743735 1.0265971532736298 8.962945834569565
32 -0.4284935379264822 -0.2755837944473794 -2.3598799480116184
33 0.14137674153682578 0.074363775134028254 0.62188607079879898
34 -0.044606149396792368 -0.020164209624670301 -0.16402638683319221
35 0.01364969690957678 0.0054921935349669989 0.043300945307019063
36 -0.0040846179327909985 -0.0015020024047415622 -0.011440874482132478
37 0.0012016049652869593 0.00041225014403421844 0.0030254869930202385
38 -0.00034873337907582888 -0.00011350587934551228 -0.00080075614907369958
39 0.00010009990129552559 3.1336306053826657e-05 0.00021211314844445149
40 -2.8469287562113964e-05 -8.6708359611767668e-06 -5.6232753962766738e-05
41 8.0337735663332e-06 2.4037011042757915e-06 1.4919577161818044e-05
42 -2.2517580113226561e-06 -6.6733201633290157e-07 -3.9614929069042826e-06
43 6.2739691546139171e-07 1.8547937382890583e-07 1.0526527685660572e-06
44 -1.7388688314007008e-07 -5.159480154196239e-08 -2.7991252134407009e-07
45 4.796444995973614e-08 1.4359719567397382e-08 7.4481659520251592e-08
46 -1.3170336215856142e-08 -3.9966406924498045e-09 -1.9826322082971746e-08
47 3.5891195578386157e-09 1.1078795055937373e-09 5.259669132783765e-09
48 -9.1904810733510221e-10 -2.8850950298648821e-10 -1.3128376942052345e-09
49 1.8104152842848028e-36 3.4520405212970188e-37 3.4428183066598456e-36
50 -1.7327169394993945e-37 2.822723977451945e-37 2.5639156928298584e-36
