1 1.8457479772581198e-24 9.9691285393901732e-25 0
2 87821.656759776932 1195164.4132937901 0
3 -86844.08699768869 1195104.2966652985 0
4 -1.834654255225458e-24 9.900702699000641e-25 0
5 6591.9246110873846 4258.2095654591512 0
6 87645.131940099061 1127755.3458316084 0
7 86700.755712585873 993667.06899287784 0
8 84865.520798325859 861527.94762122212 0
9 82073.185309429275 732790.8639911674 0
10 78275.264522950252 609041.19660757366 0
11 73444.080031903824 491848.93936281948 0
12 67537.075123265255 382852.33389435534 0
13 60513.811222282384 283720.76582701592 0
14 52238.153232421573 196245.2441307758 0
15 42588.695350578448 122537.01959354077 0
16 31640.442769581801 64764.579193617239 0
17 19575.286607072871 24773.522179051437 0
18 13159.320522833974 11922.093592984626 0
19 25739.189593621166 42443.731742486576 0
20 37265.382172352634 91533.948571125336 0
21 47585.449698165765 157530.14317759042 0
22 56543.544347141637 238401.01447163377 0
23 64170.965455882775 331948.09664637718 0
24 70626.345862555667 436221.45871095615 0
25 75992.203014365965 549525.40812166512 0
26 80300.571552364214 670194.20654909417 0
27 83593.950978953493 796636.39310091722 0
28 85897.764055821142 927265.51248236978 0
29 87277.981840080756 1060557.7097439568 0
30 58648.695991844186 1195130.2660921924 0
31 488.45172581817332 1195072.0674539313 0
32 -57671.790626690825 1195091.2175644143 0
33 29550.957102594799 1195092.886553 0
34 -28574.130087796584 1195073.7730343856 0
35 -86781.007215826728 1127697.8746931117 0
36 -6557.5890044209191 4239.5826980258335 0
37 -19483.031629762459 24757.7716218719 0
38 -31504.19058589546 64755.42054860315 0
39 -42428.835487968026 122533.47753981609 0
40 -52067.344994179963 196243.57302594231 0
41 -60330.099402977583 283716.07156221528 0
42 -67325.494745812292 382841.69142245257 0
43 -73185.836862077034 491833.13262259617 0
44 -77954.723141943905 609022.14514844771 0
45 -81671.646943653279 732765.94140701264 0
46 -84348.907229065575 861489.97649134835 0
47 -86028.00095368638 993616.56706683151 0
48 -86514.485134607545 1060504.0625706217 0
49 -85307.666892368128 927220.23678774631 0
50 -83140.13955257443 796605.74645962974 0
