1 -6.7002933442273035e-31 -3.6127875582575399e-31 0
2 -0.025624387606995248 -0.37079560438100878 0
3 0.025624387607142064 -0.37079560438101389 0
4 6.7002933390664553e-31 -3.612787552508727e-31 0
5 -0.0023527689734525398 -0.0015883767953281441 0
6 -0.025620823242480242 -0.3510761221198116 0
7 -0.025547560284576828 -0.31162909410464723 0
8 -0.025283597474289793 -0.27237659725851049 0
9 -0.024756806204236211 -0.23369735485833995 0
10 -0.023927806672708583 -0.19603737831452753 0
11 -0.022762422867839825 -0.15988766101103696 0
12 -0.021224088795268204 -0.12579387261535338 0
13 -0.019278586517971225 -0.094358770580366805 0
14 -0.016895665279523017 -0.066233344937963456 0
15 -0.014044264240259771 -0.042112333919065201 0
16 -0.010688550343641212 -0.022741659951912799 0
17 -0.0067906552573747236 -0.0089284260030948834 0
18 -0.0046275378581948556 -0.0043698470171534311 0
19 -0.0088100649420995332 -0.015086816956319981 0
20 -0.012431841565828588 -0.03178422693601602 0
21 -0.015530651021187983 -0.053627011267812434 0
22 -0.018143652548526432 -0.079839988509881499 0
23 -0.020304180564471142 -0.10970431762091197 0
24 -0.022042126816053987 -0.14254735807759464 0
25 -0.023389433502346745 -0.17774102597425673 0
26 -0.024382146441479974 -0.21471041254324191 0
27 -0.02505588552431684 -0.25293847128643637 0
28 -0.02544508314514049 -0.29195714138344953 0
29 -0.025601390855810181 -0.33134735336966953 0
30 -0.017080981890040214 -0.37079475649043458 0
31 -1.2470507235868652e-11 -0.37079280861019825 0
32 0.017080981890176934 -0.37079475649043264 0
33 -0.0085397196310404155 -0.37079341120823417 0
34 0.0085397196310903183 -0.3707934112082315 0
35 0.02562082324256882 -0.35107612200128518 0
36 0.0023527689598154084 -0.0015883767832841433 0
37 0.0067906552441463798 -0.00892842596901431 0
38 0.010688550334939748 -0.022741659911364152 0
39 0.01404426423661909 -0.042112333892539017 0
40 0.01689566527648078 -0.066233344906123107 0
41 0.019278586518147706 -0.094358770580364376 0
42 0.021224088806524145 -0.12579387282430868 0
43 0.022762422867960926 -0.15988766101103449 0
44 0.023927806671640073 -0.19603737826960344 0
45 0.024756806203557479 -0.23369735481188619 0
46 0.025283597473482564 -0.27237659716367679 0
47 0.025547560284229255 -0.31162909397932037 0
48 0.025601390855948862 -0.33134735336957888 0
49 0.025445083145260245 -0.29195714138345347 0
50 0.025055885524432393 -0.25293847128683816 0
