1 0.0024546879182017344 0.028195228275310465 6.5576160048976049e-05
2 -7.7103423010082675e-55 -4.5247320164506964e-55 -2.944490015534756e-57
3 -1.9669543960254113e-55 -3.5667341783787962e-55 4.0535161519153006e-55
4 2.1415135203388135e-54 -8.187009886317946e-56 5.6069148092964407e-55
5 1.2259214199100598e-54 -6.4560396557833203e-55 -5.9597544088349946e-55
6 -0.0024666173668264893 0.028332275308650942 -0.0002777773125016734
7 0.0024939565077344364 0.028332068313137684 6.2606376578063969e-05
8 -0.0024881270233895534 0.028196915804566458 -0.00028104116869049012
9 -0.00026411984977222144 0.00030252442674021443 -1.4421830564381488e-05
10 -0.00055098763907600822 0.0011269577936938941 -2.9492253621763651e-05
11 -0.00084797627487599172 0.0025321537984678336 -5.0320211207655226e-05
12 -0.0011536276854587483 0.0045440663134718329 -7.135381387393879e-05
13 -0.0014594281542855165 0.0071760649500437887 -9.65920721518435e-05
14 -0.0017503845749907263 0.010408802780035323 -0.00011992830529208313
15 -0.00201757425933515 0.014210453636897004 -0.00013501839478668944
16 -0.0022567114064053939 0.018498634978987506 -0.00016851151406348027
17 -0.0024310384975170744 0.023208855806234756 -0.00020907166377625731
18 -0.0023944620829021543 0.023356705173188462 -0.000203271883447845
19 -0.0022450248934640406 0.018651213532982477 -0.00015825104763129909
20 -0.0020366282063825803 0.014333800948641215 -0.00012103512369919567
21 -0.0017721879656756839 0.010510275031398149 -0.00010481430638492455
22 -0.0014796960040714857 0.0072601203554647541 -8.022502311204514e-05
23 -0.0011771565390912477 0.0046097712767562311 -5.4719808475908388e-05
24 -0.00087152805868909145 0.002576947733988413 -3.3776548316967314e-05
25 -0.00057378200829754137 0.0011523947038222073 -1.3468815141615891e-05
26 -0.00028944613113943786 0.00031065125298368755 2.9785871911633338e-06
27 0.00026496503862498627 0.00030254923331652224 1.7361271996870589e-05
28 0.00055224614871201714 0.0011269729185496404 3.7997377788215888e-05
29 0.00084948330601890189 0.0025321659507596219 6.6208366805266161e-05
30 0.0011552344477831706 0.0045440800065117328 9.5568751137666e-05
31 0.0014610276712678366 0.0071760343400912923 0.00012939668892062784
32 0.0017519964123872034 0.010408938919391554 0.00016118453858539095
33 0.0020179736015817329 0.014210583126839094 0.00018524134386837732
34 0.0022447515035447225 0.018515364222075139 0.00018422653730777499
35 0.0023979799469603224 0.023215110552851786 0.00014539671893440751
36 0.002423112301433768 0.023349989062001666 0.00013900970370970146
37 0.0022586247674696944 0.018635749108157237 0.00017045783639214605
38 0.00203530879842095 0.014328723341261651 0.00017152283546545573
39 0.0017705138348690884 0.010510713878885844 0.0001461280751819281
40 0.0014779034880182565 0.0072600916603031617 0.00011304283356285719
41 0.0011753918101382748 0.0046097843591391616 7.8955389657287643e-05
42 0.00086990876604958311 0.0025769590696320109 4.9702016153009302e-05
43 0.00057247319552627854 0.0011524129380939138 2.2025532796388433e-05
44 0.00028863828584722043 0.00031065447749967326 4.0310814456840989e-08
45 7.7734764263185744e-07 0.0086960172135089851 1.8499213153623231e-05
46 5.1126387817928111e-07 0.00061565022919516223 2.6311560437227611e-06
47 8.0834636705844878e-07 0.0057504369558759368 1.4253171489658373e-05
48 7.8079415582155798e-07 0.003429705487289852 9.9700851168126708e-06
49 6.8935222711842933e-07 0.0017244425024800724 5.9625344070716751e-06
50 2.19892271561009e-07 6.7522539219308996e-05 4.9031281044351553e-07
51 -1.0202190138757105e-05 0.020813415863681017 2.283014397738019e-06
52 -1.4784731710599579e-05 0.02568662242739761 -6.8845730426472828e-05
53 7.5837957397029533e-07 0.012221358387113463 2.2841939142547577e-05
54 2.0107090595715435e-06 0.016284957773457495 2.7704192824618046e-05
55 -8.9128181224749364e-07 0.0058347081601942486 1.425786297948454e-05
56 1.6633675873607232e-05 0.025825576400839351 -6.8249961597659467e-05
57 8.3551290741826864e-06 0.020946017936685303 1.287350058120612e-06
58 -9.1381836001673519e-07 0.0087798675437302503 1.8499091572493004e-05
59 -6.3776336763925645e-07 0.012326305436029047 2.2934614473630071e-05
60 -3.5004767671410275e-06 0.016409236961759083 2.747866286165023e-05
61 -5.9153547532465038e-07 0.00063861796741575695 2.6526606527475295e-06
62 -8.6611737939161552e-07 0.0034923355764792255 9.9837324705231801e-06
63 -7.7067914065037203e-07 0.0017666351791598362 5.9810441217656444e-06
64 -3.1735987630494092e-07 7.0401065046384937e-05 4.979097609586421e-07
