1 10 10 0
2 0 0 0
3 0.0010503268686121547 -0.0010589889694234741 0
4 0 0 0
5 0 0 0
6 0 0 0
7 0 0 0
8 0 0 0
9 0 0 0
10 0 0 0
11 0 0 0
12 0 0 0
13 0 0 0
14 0 0 0
15 0 0 0
16 0 0 0
17 0 0 0
18 0 0 0
19 0 0 0
20 0 0 0
21 0 0 0
22 0 0 0
23 0 0 0
24 -0.00024749244508518028 3.1517616455304585e-05 0
25 -0.00016744757121333058 -0.00023310960382076483 0
26 0.00024491157831083092 0.00019601505261209975 0
27 5.9729351623796903e-05 0.00024032572963334162 0
28 0.0002387233350635108 0.00056425134568454847 0
29 -0.00037525684880332865 0.00057818499078251488 0
30 -0.00054182636560420633 -0.00019835415740537135 0
31 3.3282846980750127e-05 -0.00029005608616990386 0
32 0.0013686210307381694 0.00025036763935017088 0
33 0.00051407534809216622 0.00066540059052046816 0
34 -0.00019809151135476516 -5.743369340471573e-05 0
35 -0.00014069401171690299 -0.00013495054617399468 0
36 -0.00042150143349727444 9.2949690255026172e-05 0
37 0.00068567916742231941 -0.00027159327132437593 0
38 -0.00014203987902500445 -0.00043559409398752428 0
39 2.6597005991049663e-06 7.480614237308156e-05 0
40 0.00068651949833869292 0.00056012423808115901 0
41 -0.00024350679890168298 -0.00027490071223338258 0
42 0.00044832243919932797 -0.00065708337995888557 0
43 0.0029759389687928559 0.0024358742655623531 0
44 0.017266071275677919 -0.0041278991118656599 0
45 0.090246575290667666 0.040379862004037329 0
46 0.2757004876670871 0.037383652633592182 0
47 0.94176182429013466 0.20488425397485244 0
48 1.4004372814976922 0.81485639020290468 0
49 1.6639459418996918 -1.0902010326116087 0
50 3.9784349345735972 -0.97199386315800318 0
