1 0 0 0
2 0 0 0
3 -3178241.3818593714 17750069.991613038 5536464.2706413092
4 2461739.3888204945 24567594.365745652 10464368.848379413
5 0 0 0
6 0 0 0
7 -3458362.34686842 18617412.139165629 8797134.0293648858
8 -950868.03891703964 10370525.765562074 1169573.2641538361
9 -2006985.3310409337 4458129.5520344516 3029998.7904088208
10 -1862200.9815975092 22129322.524603646 6874031.3647028403
11 290837.57364232786 19830373.802319732 6794873.3039850127
12 1773678.7656850687 19663528.184380032 10090600.350223059
13 -3102795.9160427242 11744752.631667688 3948153.4473595987
14 18 13.000000000000002 14.000000000000002
15 0 0 0
16 0 0 0
17 0 0 0
18 0 0 0
19 0 0 0
20 2076236.6695790926 5578667.7674081735 -1532595.6978451298
21 2016363.8336265536 9644092.1947574373 -527096.90737310844
22 1336489.4468204284 12954755.496048314 787642.37799397984
23 -113154.15015613186 15182333.631277362 2205963.4455321799
24 -1944516.1464005674 16993501.750963524 3946856.6648544199
25 2446658.746867266 23956818.691655945 10155814.605659852
26 2378641.0139493747 22931963.464177806 9371905.2026063111
27 1699082.6921466007 21640573.897908762 7926436.6510931905
28 191358.63300431368 20481028.272533201 6425513.4664269602
29 -1695301.797821841 19284162.472699579 5693107.4863995006
30 3365082.9507571142 8474211.0963530596 5429544.900198211
31 3995630.5347272083 14295560.492454322 7525508.9791062325
32 3712119.0195957371 18914344.257984474 8703896.1564016603
33 3321397.6930032745 21838568.897228185 9417954.2371607404
34 2817465.4151030458 23758567.77593895 10024143.608984798
35 0 0 0
36 0 0 0
37 0 0 0
38 0 0 0
39 0 0 0
40 0 0 0
41 0 0 0
42 0 0 0
43 0 0 0
44 0 0 0
45 0 0 0
46 0 0 0
47 0 0 0
48 0 0 0
49 0 0 0
50 -3156082.6853815569 18430574.73099627 6553397.8188175419
