0.01 -0.0456512 0.000000e+00 0.000000e+00
0.02 -0.0531511 0.000000e+00 0.000000e+00
0.03 -0.0618035 0.000000e+00 0.000000e+00
0.04 -0.0717575 0.000000e+00 0.000000e+00
0.05 -0.0831727 0.000000e+00 0.000000e+00
0.06 -0.0962155 0.000000e+00 0.000000e+00
0.07 -0.111056 0.000000e+00 0.000000e+00
0.08 -0.127862 0.000000e+00 0.000000e+00
0.09 -0.14679 0.000000e+00 0.000000e+00
0.1 -0.167982 0.000000e+00 0.000000e+00
0.11 -0.191545 0.000000e+00 0.000000e+00
0.12 -0.21755 0.000000e+00 0.000000e+00
0.13 -0.246011 0.000000e+00 0.000000e+00
0.14 -0.276878 0.000000e+00 0.000000e+00
0.15 -0.310026 0.000000e+00 0.000000e+00
0.16 -0.345247 0.000000e+00 0.000000e+00
0.17 -0.382252 0.000000e+00 0.000000e+00
0.18 -0.420676 0.000000e+00 0.000000e+00
0.19 -0.460085 0.000000e+00 0.000000e+00
0.2 -0.5 0.000000e+00 0.000000e+00
0.21 -0.539915 0.000000e+00 0.000000e+00
0.22 -0.579324 0.000000e+00 0.000000e+00
0.23 -0.617748 0.000000e+00 0.000000e+00
0.24 -0.654753 0.000000e+00 0.000000e+00
0.25 -0.689974 0.000000e+00 0.000000e+00
0.26 -0.723122 0.000000e+00 0.000000e+00
0.27 -0.753989 0.000000e+00 0.000000e+00
0.28 -0.78245 0.000000e+00 0.000000e+00
0.29 -0.808455 0.000000e+00 0.000000e+00
0.3 -0.832018 0.000000e+00 0.000000e+00
0.31 -0.85321 0.000000e+00 0.000000e+00
0.32 -0.872138 0.000000e+00 0.000000e+00
0.33 -0.888944 0.000000e+00 0.000000e+00
0.34 -0.903784 0.000000e+00 0.000000e+00
0.35 -0.916827 0.000000e+00 0.000000e+00
0.36 -0.928242 0.000000e+00 0.000000e+00
0.37 -0.938197 0.000000e+00 0.000000e+00
0.38 -0.946849 0.000000e+00 0.000000e+00
0.39 -0.954349 0.000000e+00 0.000000e+00
0.4 -0.960834 0.000000e+00 0.000000e+00
0.41 -0.966431 0.000000e+00 0.000000e+00
0.42 -0.971252 0.000000e+00 0.000000e+00
0.43 -0.975398 0.000000e+00 0.000000e+00
0.44 -0.978959 0.000000e+00 0.000000e+00
0.45 -0.982014 0.000000e+00 0.000000e+00
0.46 -0.984632 0.000000e+00 0.000000e+00
0.47 -0.986875 0.000000e+00 0.000000e+00
0.48 -0.988794 0.000000e+00 0.000000e+00
0.49 -0.990435 0.000000e+00 0.000000e+00
0.5 -0.991837 0.000000e+00 0.000000e+00
0.51 -0.993036 0.000000e+00 0.000000e+00
0.52 -0.994059 0.000000e+00 0.000000e+00
0.53 -0.994933 0.000000e+00 0.000000e+00
0.54 -0.995679 0.000000e+00 0.000000e+00
0.55 -0.996316 0.000000e+00 0.000000e+00
0.56 -0.996859 0.000000e+00 0.000000e+00
0.57 -0.997322 0.000000e+00 0.000000e+00
0.58 -0.997717 0.000000e+00 0.000000e+00
0.59 -0.998054 0.000000e+00 0.000000e+00
0.6 -0.998341 0.000000e+00 0.000000e+00
0.61 -0.998586 0.000000e+00 0.000000e+00
0.62 -0.998795 0.000000e+00 0.000000e+00
0.63 -0.998973 0.000000e+00 0.000000e+00
0.64 -0.999125 0.000000e+00 0.000000e+00
0.65 -0.999254 0.000000e+00 0.000000e+00
0.66 -0.999364 0.000000e+00 0.000000e+00
0.67 -0.999458 0.000000e+00 0.000000e+00
0.68 -0.999538 0.000000e+00 0.000000e+00
0.69 -0.999606 0.000000e+00 0.000000e+00
0.7 -0.999665 0.000000e+00 0.000000e+00
0.71 -0.999714 0.000000e+00 0.000000e+00
0.72 -0.999756 0.000000e+00 0.000000e+00
0.73 -0.999792 0.000000e+00 0.000000e+00
0.74 -0.999823 0.000000e+00 0.000000e+00
0.75 -0.999849 0.000000e+00 0.000000e+00
0.76 -0.999872 0.000000e+00 0.000000e+00
0.77 -0.999891 0.000000e+00 0.000000e+00
0.78 -0.999907 0.000000e+00 0.000000e+00
0.79 -0.999921 0.000000e+00 0.000000e+00
0.8 -0.999932 0.000000e+00 0.000000e+00
0.81 -0.999942 0.000000e+00 0.000000e+00
0.82 -0.999951 0.000000e+00 0.000000e+00
0.83 -0.999958 0.000000e+00 0.000000e+00
0.84 -0.999964 0.000000e+00 0.000000e+00
0.85 -0.99997 0.000000e+00 0.000000e+00
0.86 -0.999974 0.000000e+00 0.000000e+00
0.87 -0.999978 0.000000e+00 0.000000e+00
0.88 -0.999981 0.000000e+00 0.000000e+00
0.89 -0.999984 0.000000e+00 0.000000e+00
0.9 -0.999986 0.000000e+00 0.000000e+00
0.91 -0.999988 0.000000e+00 0.000000e+00
0.92 -0.99999 0.000000e+00 0.000000e+00
0.93 -0.999992 0.000000e+00 0.000000e+00
0.94 -0.999993 0.000000e+00 0.000000e+00
0.95 -0.999994 0.000000e+00 0.000000e+00
0.96 -0.999995 0.000000e+00 0.000000e+00
0.97 -0.999996 0.000000e+00 0.000000e+00
0.98 -0.999996 0.000000e+00 0.000000e+00
0.99 -0.999997 0.000000e+00 0.000000e+00
1 -0.999997 0.000000e+00 0.000000e+00
1.01 -0.999998 0.000000e+00 0.000000e+00
1.02 -0.999998 0.000000e+00 0.000000e+00
1.03 -0.999998 0.000000e+00 0.000000e+00
1.04 -0.999999 0.000000e+00 0.000000e+00
1.05 -0.999999 0.000000e+00 0.000000e+00
1.06 -0.999999 0.000000e+00 0.000000e+00
1.07 -0.999999 0.000000e+00 0.000000e+00
1.08 -0.999999 0.000000e+00 0.000000e+00
1.09 -0.999999 0.000000e+00 0.000000e+00
1.1 -0.999999 0.000000e+00 0.000000e+00
1.11 -1 0.000000e+00 0.000000e+00
1.12 -1 0.000000e+00 0.000000e+00
1.13 -1 0.000000e+00 0.000000e+00
1.14 -1 0.000000e+00 0.000000e+00
1.15 -1 0.000000e+00 0.000000e+00
1.16 -1 0.000000e+00 0.000000e+00
1.17 -1 0.000000e+00 0.000000e+00
1.18 -1 0.000000e+00 0.000000e+00
1.19 -1 0.000000e+00 0.000000e+00
1.2 -1 0.000000e+00 0.000000e+00
1.21 -1 0.000000e+00 0.000000e+00
1.22 -1 0.000000e+00 0.000000e+00
1.23 -1 0.000000e+00 0.000000e+00
1.24 -1 0.000000e+00 0.000000e+00
1.25 -1 0.000000e+00 0.000000e+00
1.26 -1 0.000000e+00 0.000000e+00
1.27 -1 0.000000e+00 0.000000e+00
1.28 -1 0.000000e+00 0.000000e+00
1.29 -1 0.000000e+00 0.000000e+00
1.3 -1 0.000000e+00 0.000000e+00
1.31 -1 0.000000e+00 0.000000e+00
1.32 -1 0.000000e+00 0.000000e+00
1.33 -1 0.000000e+00 0.000000e+00
1.34 -1 0.000000e+00 0.000000e+00
1.35 -1 0.000000e+00 0.000000e+00
1.36 -1 0.000000e+00 0.000000e+00
1.37 -1 0.000000e+00 0.000000e+00
1.38 -1 0.000000e+00 0.000000e+00
1.39 -1 0.000000e+00 0.000000e+00
1.4 -1 0.000000e+00 0.000000e+00
1.41 -1 0.000000e+00 0.000000e+00
1.42 -1 0.000000e+00 0.000000e+00
1.43 -1 0.000000e+00 0.000000e+00
1.44 -1 0.000000e+00 0.000000e+00
1.45 -1 0.000000e+00 0.000000e+00
1.46 -1 0.000000e+00 0.000000e+00
1.47 -1 0.000000e+00 0.000000e+00
1.48 -1 0.000000e+00 0.000000e+00
1.49 -1 0.000000e+00 0.000000e+00
1.5 -1 0.000000e+00 0.000000e+00
1.51 -1 0.000000e+00 0.000000e+00
1.52 -1 0.000000e+00 0.000000e+00
1.53 -1 0.000000e+00 0.000000e+00
1.54 -1 0.000000e+00 0.000000e+00
1.55 -1 0.000000e+00 0.000000e+00
1.56 -1 0.000000e+00 0.000000e+00
1.57 -1 0.000000e+00 0.000000e+00
1.58 -1 0.000000e+00 0.000000e+00
1.59 -1 0.000000e+00 0.000000e+00
1.6 -1 0.000000e+00 0.000000e+00
1.61 -1 0.000000e+00 0.000000e+00
1.62 -1 0.000000e+00 0.000000e+00
1.63 -1 0.000000e+00 0.000000e+00
1.64 -1 0.000000e+00 0.000000e+00
1.65 -1 0.000000e+00 0.000000e+00
1.66 -1 0.000000e+00 0.000000e+00
1.67 -1 0.000000e+00 0.000000e+00
1.68 -1 0.000000e+00 0.000000e+00
1.69 -1 0.000000e+00 0.000000e+00
1.7 -1 0.000000e+00 0.000000e+00
1.71 -1 0.000000e+00 0.000000e+00
1.72 -1 0.000000e+00 0.000000e+00
1.73 -1 0.000000e+00 0.000000e+00
1.74 -1 0.000000e+00 0.000000e+00
1.75 -1 0.000000e+00 0.000000e+00
1.76 -1 0.000000e+00 0.000000e+00
1.77 -1 0.000000e+00 0.000000e+00
1.78 -1 0.000000e+00 0.000000e+00
1.79 -1 0.000000e+00 0.000000e+00
1.8 -1 0.000000e+00 0.000000e+00
1.81 -1 0.000000e+00 0.000000e+00
1.82 -1 0.000000e+00 0.000000e+00
1.83 -1 0.000000e+00 0.000000e+00
1.84 -1 0.000000e+00 0.000000e+00
1.85 -1 0.000000e+00 0.000000e+00
1.86 -1 0.000000e+00 0.000000e+00
1.87 -1 0.000000e+00 0.000000e+00
1.88 -1 0.000000e+00 0.000000e+00
1.89 -1 0.000000e+00 0.000000e+00
1.9 -1 0.000000e+00 0.000000e+00
1.91 -1 0.000000e+00 0.000000e+00
1.92 -1 0.000000e+00 0.000000e+00
1.93 -1 0.000000e+00 0.000000e+00
1.94 -1 0.000000e+00 0.000000e+00
1.95 -1 0.000000e+00 0.000000e+00
1.96 -1 0.000000e+00 0.000000e+00
1.97 -1 0.000000e+00 0.000000e+00
1.98 -1 0.000000e+00 0.000000e+00
1.99 -1 0.000000e+00 0.000000e+00
2 -1 0.000000e+00 0.000000e+00
2.01 -1 0.000000e+00 0.000000e+00
2.02 -1 0.000000e+00 0.000000e+00
2.03 -1 0.000000e+00 0.000000e+00
2.04 -1 0.000000e+00 0.000000e+00
2.05 -1 0.000000e+00 0.000000e+00
2.06 -1 0.000000e+00 0.000000e+00
2.07 -1 0.000000e+00 0.000000e+00
2.08 -1 0.000000e+00 0.000000e+00
2.09 -1 0.000000e+00 0.000000e+00
2.1 -1 0.000000e+00 0.000000e+00
2.11 -1 0.000000e+00 0.000000e+00
2.12 -1 0.000000e+00 0.000000e+00
2.13 -1 0.000000e+00 0.000000e+00
2.14 -1 0.000000e+00 0.000000e+00
2.15 -1 0.000000e+00 0.000000e+00
2.16 -1 0.000000e+00 0.000000e+00
2.17 -1 0.000000e+00 0.000000e+00
2.18 -1 0.000000e+00 0.000000e+00
2.19 -1 0.000000e+00 0.000000e+00
2.2 -1 0.000000e+00 0.000000e+00
2.21 -1 0.000000e+00 0.000000e+00
2.22 -1 0.000000e+00 0.000000e+00
2.23 -1 0.000000e+00 0.000000e+00
2.24 -1 0.000000e+00 0.000000e+00
2.25 -1 0.000000e+00 0.000000e+00
2.26 -1 0.000000e+00 0.000000e+00
2.27 -1 0.000000e+00 0.000000e+00
2.28 -1 0.000000e+00 0.000000e+00
2.29 -1 0.000000e+00 0.000000e+00
2.3 -1 0.000000e+00 0.000000e+00
2.31 -1 0.000000e+00 0.000000e+00
2.32 -1 0.000000e+00 0.000000e+00
2.33 -1 0.000000e+00 0.000000e+00
2.34 -1 0.000000e+00 0.000000e+00
2.35 -1 0.000000e+00 0.000000e+00
2.36 -1 0.000000e+00 0.000000e+00
2.37 -1 0.000000e+00 0.000000e+00
2.38 -1 0.000000e+00 0.000000e+00
2.39 -1 0.000000e+00 0.000000e+00
2.4 -1 0.000000e+00 0.000000e+00
2.41 -1 0.000000e+00 0.000000e+00
2.42 -1 0.000000e+00 0.000000e+00
2.43 -1 0.000000e+00 0.000000e+00
2.44 -1 0.000000e+00 0.000000e+00
2.45 -1 0.000000e+00 0.000000e+00
2.46 -1 0.000000e+00 0.000000e+00
2.47 -1 0.000000e+00 0.000000e+00
2.48 -1 0.000000e+00 0.000000e+00
2.49 -1 0.000000e+00 0.000000e+00
2.5 -1 0.000000e+00 0.000000e+00
2.51 -1 0.000000e+00 0.000000e+00
2.52 -1 0.000000e+00 0.000000e+00
2.53 -1 0.000000e+00 0.000000e+00
2.54 -1 0.000000e+00 0.000000e+00
2.55 -1 0.000000e+00 0.000000e+00
2.56 -1 0.000000e+00 0.000000e+00
2.57 -1 0.000000e+00 0.000000e+00
2.58 -1 0.000000e+00 0.000000e+00
2.59 -1 0.000000e+00 0.000000e+00
2.6 -1 0.000000e+00 0.000000e+00
2.61 -1 0.000000e+00 0.000000e+00
2.62 -1 0.000000e+00 0.000000e+00
2.63 -1 0.000000e+00 0.000000e+00
2.64 -1 0.000000e+00 0.000000e+00
2.65 -1 0.000000e+00 0.000000e+00
2.66 -1 0.000000e+00 0.000000e+00
2.67 -1 0.000000e+00 0.000000e+00
2.68 -1 0.000000e+00 0.000000e+00
2.69 -1 0.000000e+00 0.000000e+00
2.7 -1 0.000000e+00 0.000000e+00
2.71 -1 0.000000e+00 0.000000e+00
2.72 -1 0.000000e+00 0.000000e+00
2.73 -1 0.000000e+00 0.000000e+00
2.74 -1 0.000000e+00 0.000000e+00
2.75 -1 0.000000e+00 0.000000e+00
2.76 -1 0.000000e+00 0.000000e+00
2.77 -1 0.000000e+00 0.000000e+00
2.78 -1 0.000000e+00 0.000000e+00
2.79 -1 0.000000e+00 0.000000e+00
2.8 -1 0.000000e+00 0.000000e+00
2.81 -1 0.000000e+00 0.000000e+00
2.82 -1 0.000000e+00 0.000000e+00
2.83 -1 0.000000e+00 0.000000e+00
2.84 -1 0.000000e+00 0.000000e+00
2.85 -1 0.000000e+00 0.000000e+00
2.86 -1 0.000000e+00 0.000000e+00
2.87 -1 0.000000e+00 0.000000e+00
2.88 -1 0.000000e+00 0.000000e+00
2.89 -1 0.000000e+00 0.000000e+00
2.9 -1 0.000000e+00 0.000000e+00
2.91 -1 0.000000e+00 0.000000e+00
2.92 -1 0.000000e+00 0.000000e+00
2.93 -1 0.000000e+00 0.000000e+00
2.94 -1 0.000000e+00 0.000000e+00
2.95 -1 0.000000e+00 0.000000e+00
2.96 -1 0.000000e+00 0.000000e+00
2.97 -1 0.000000e+00 0.000000e+00
2.98 -1 0.000000e+00 0.000000e+00
2.99 -1 0.000000e+00 0.000000e+00
3 -1 0.000000e+00 0.000000e+00
3.01 -1 0.000000e+00 0.000000e+00
3.02 -1 0.000000e+00 0.000000e+00
3.03 -1 0.000000e+00 0.000000e+00
3.04 -1 0.000000e+00 0.000000e+00
3.05 -1 0.000000e+00 0.000000e+00
3.06 -1 0.000000e+00 0.000000e+00
3.07 -1 0.000000e+00 0.000000e+00
3.08 -1 0.000000e+00 0.000000e+00
3.09 -1 0.000000e+00 0.000000e+00
3.1 -1 0.000000e+00 0.000000e+00
3.11 -1 0.000000e+00 0.000000e+00
3.12 -1 0.000000e+00 0.000000e+00
3.13 -1 0.000000e+00 0.000000e+00
3.14 -1 0.000000e+00 0.000000e+00
3.15 -1 0.000000e+00 0.000000e+00
3.16 -1 0.000000e+00 0.000000e+00
3.17 -1 0.000000e+00 0.000000e+00
3.18 -1 0.000000e+00 0.000000e+00
3.19 -1 0.000000e+00 0.000000e+00
3.2 -1 0.000000e+00 0.000000e+00
3.21 -1 0.000000e+00 0.000000e+00
3.22 -1 0.000000e+00 0.000000e+00
3.23 -1 0.000000e+00 0.000000e+00
3.24 -1 0.000000e+00 0.000000e+00
3.25 -1 0.000000e+00 0.000000e+00
3.26 -1 0.000000e+00 0.000000e+00
3.27 -1 0.000000e+00 0.000000e+00
3.28 -1 0.000000e+00 0.000000e+00
3.29 -1 0.000000e+00 0.000000e+00
3.3 -1 0.000000e+00 0.000000e+00
3.31 -1 0.000000e+00 0.000000e+00
3.32 -1 0.000000e+00 0.000000e+00
3.33 -1 0.000000e+00 0.000000e+00
3.34 -1 0.000000e+00 0.000000e+00
3.35 -1 0.000000e+00 0.000000e+00
3.36 -1 0.000000e+00 0.000000e+00
3.37 -1 0.000000e+00 0.000000e+00
3.38 -1 0.000000e+00 0.000000e+00
3.39 -1 0.000000e+00 0.000000e+00
3.4 -1 0.000000e+00 0.000000e+00
3.41 -1 0.000000e+00 0.000000e+00
3.42 -1 0.000000e+00 0.000000e+00
3.43 -1 0.000000e+00 0.000000e+00
3.44 -1 0.000000e+00 0.000000e+00
3.45 -1 0.000000e+00 0.000000e+00
3.46 -1 0.000000e+00 0.000000e+00
3.47 -1 0.000000e+00 0.000000e+00
3.48 -1 0.000000e+00 0.000000e+00
3.49 -1 0.000000e+00 0.000000e+00
3.5 -1 0.000000e+00 0.000000e+00
3.51 -1 0.000000e+00 0.000000e+00
3.52 -1 0.000000e+00 0.000000e+00
3.53 -1 0.000000e+00 0.000000e+00
3.54 -1 0.000000e+00 0.000000e+00
3.55 -1 0.000000e+00 0.000000e+00
3.56 -1 0.000000e+00 0.000000e+00
3.57 -1 0.000000e+00 0.000000e+00
3.58 -1 0.000000e+00 0.000000e+00
3.59 -1 0.000000e+00 0.000000e+00
3.6 -1 0.000000e+00 0.000000e+00
3.61 -1 0.000000e+00 0.000000e+00
3.62 -1 0.000000e+00 0.000000e+00
3.63 -1 0.000000e+00 0.000000e+00
3.64 -1 0.000000e+00 0.000000e+00
3.65 -1 0.000000e+00 0.000000e+00
3.66 -1 0.000000e+00 0.000000e+00
3.67 -1 0.000000e+00 0.000000e+00
3.68 -1 0.000000e+00 0.000000e+00
3.69 -1 0.000000e+00 0.000000e+00
3.7 -1 0.000000e+00 0.000000e+00
3.71 -1 0.000000e+00 0.000000e+00
3.72 -1 0.000000e+00 0.000000e+00
3.73 -1 0.000000e+00 0.000000e+00
3.74 -1 0.000000e+00 0.000000e+00
3.75 -1 0.000000e+00 0.000000e+00
3.76 -1 0.000000e+00 0.000000e+00
3.77 -1 0.000000e+00 0.000000e+00
3.78 -1 0.000000e+00 0.000000e+00
3.79 -1 0.000000e+00 0.000000e+00
3.8 -1 0.000000e+00 0.000000e+00
3.81 -1 0.000000e+00 0.000000e+00
3.82 -1 0.000000e+00 0.000000e+00
3.83 -1 0.000000e+00 0.000000e+00
3.84 -1 0.000000e+00 0.000000e+00
3.85 -1 0.000000e+00 0.000000e+00
3.86 -1 0.000000e+00 0.000000e+00
3.87 -1 0.000000e+00 0.000000e+00
3.88 -1 0.000000e+00 0.000000e+00
3.89 -1 0.000000e+00 0.000000e+00
3.9 -1 0.000000e+00 0.000000e+00
3.91 -1 0.000000e+00 0.000000e+00
3.92 -1 0.000000e+00 0.000000e+00
3.93 -1 0.000000e+00 0.000000e+00
3.94 -1 0.000000e+00 0.000000e+00
3.95 -1 0.000000e+00 0.000000e+00
3.96 -1 0.000000e+00 0.000000e+00
3.97 -1 0.000000e+00 0.000000e+00
3.98 -1 0.000000e+00 0.000000e+00
3.99 -1 0.000000e+00 0.000000e+00
4 -1 0.000000e+00 0.000000e+00
