0.01 0.000000e+00 -18242.8 0.000000e+00
0.02 0.000000e+00 -20725.1 0.000000e+00
0.03 0.000000e+00 -23416.3 0.000000e+00
0.04 0.000000e+00 -26288.2 0.000000e+00
0.05 0.000000e+00 -29293.2 0.000000e+00
0.06 0.000000e+00 -32359.5 0.000000e+00
0.07 0.000000e+00 -35387.2 0.000000e+00
0.08 0.000000e+00 -38244.8 0.000000e+00
0.09 0.000000e+00 -40768.8 0.000000e+00
0.1 0.000000e+00 -42766.1 0.000000e+00
0.11 0.000000e+00 -44021.1 0.000000e+00
0.12 0.000000e+00 -44309.8 0.000000e+00
0.13 0.000000e+00 -43418.7 0.000000e+00
0.14 0.000000e+00 -41170.4 0.000000e+00
0.15 0.000000e+00 -37451.4 0.000000e+00
0.16 0.000000e+00 -32239.6 0.000000e+00
0.17 0.000000e+00 -25624.6 0.000000e+00
0.18 0.000000e+00 -17816.3 0.000000e+00
0.19 0.000000e+00 -9137.78 0.000000e+00
0.2 0.000000e+00 2.55795e-11 0.000000e+00
0.21 0.000000e+00 9137.78 0.000000e+00
0.22 0.000000e+00 17816.3 0.000000e+00
0.23 0.000000e+00 25624.6 0.000000e+00
0.24 0.000000e+00 32239.6 0.000000e+00
0.25 0.000000e+00 37451.4 0.000000e+00
0.26 0.000000e+00 41170.4 0.000000e+00
0.27 0.000000e+00 43418.7 0.000000e+00
0.28 0.000000e+00 44309.8 0.000000e+00
0.29 0.000000e+00 44021.1 0.000000e+00
0.3 0.000000e+00 42766.1 0.000000e+00
0.31 0.000000e+00 40768.8 0.000000e+00
0.32 0.000000e+00 38244.8 0.000000e+00
0.33 0.000000e+00 35387.2 0.000000e+00
0.34 0.000000e+00 32359.5 0.000000e+00
0.35 0.000000e+00 29293.2 0.000000e+00
0.36 0.000000e+00 26288.2 0.000000e+00
0.37 0.000000e+00 23416.3 0.000000e+00
0.38 0.000000e+00 20725.1 0.000000e+00
0.39 0.000000e+00 18242.8 0.000000e+00
0.4 0.000000e+00 15982.4 0.000000e+00
0.41 0.000000e+00 13945.7 0.000000e+00
0.42 0.000000e+00 12126.7 0.000000e+00
0.43 0.000000e+00 10513.8 0.000000e+00
0.44 0.000000e+00 9092.4 0.000000e+00
0.45 0.000000e+00 7846.2 0.000000e+00
0.46 0.000000e+00 6758.31 0.000000e+00
0.47 0.000000e+00 5812.08 0.000000e+00
0.48 0.000000e+00 4991.6 0.000000e+00
0.49 0.000000e+00 4282.02 0.000000e+00
0.5 0.000000e+00 3669.71 0.000000e+00
0.51 0.000000e+00 3142.32 0.000000e+00
0.52 0.000000e+00 2688.8 0.000000e+00
0.53 0.000000e+00 2299.34 0.000000e+00
0.54 0.000000e+00 1965.26 0.000000e+00
0.55 0.000000e+00 1678.98 0.000000e+00
0.56 0.000000e+00 1433.86 0.000000e+00
0.57 0.000000e+00 1224.13 0.000000e+00
0.58 0.000000e+00 1044.79 0.000000e+00
0.59 0.000000e+00 891.516 0.000000e+00
0.6 0.000000e+00 760.576 0.000000e+00
0.61 0.000000e+00 648.757 0.000000e+00
0.62 0.000000e+00 553.297 0.000000e+00
0.63 0.000000e+00 471.825 0.000000e+00
0.64 0.000000e+00 402.307 0.000000e+00
0.65 0.000000e+00 343.001 0.000000e+00
0.66 0.000000e+00 292.415 0.000000e+00
0.67 0.000000e+00 249.274 0.000000e+00
0.68 0.000000e+00 212.485 0.000000e+00
0.69 0.000000e+00 181.117 0.000000e+00
0.7 0.000000e+00 154.374 0.000000e+00
0.71 0.000000e+00 131.575 0.000000e+00
0.72 0.000000e+00 112.14 0.000000e+00
0.73 0.000000e+00 95.5729 0.000000e+00
0.74 0.000000e+00 81.4518 0.000000e+00
0.75 0.000000e+00 69.4159 0.000000e+00
0.76 0.000000e+00 59.1576 0.000000e+00
0.77 0.000000e+00 50.4146 0.000000e+00
0.78 0.000000e+00 42.9633 0.000000e+00
0.79 0.000000e+00 36.6129 0.000000e+00
0.8 0.000000e+00 31.2009 0.000000e+00
0.81 0.000000e+00 26.5888 0.000000e+00
0.82 0.000000e+00 22.6582 0.000000e+00
0.83 0.000000e+00 19.3086 0.000000e+00
0.84 0.000000e+00 16.4541 0.000000e+00
0.85 0.000000e+00 14.0216 0.000000e+00
0.86 0.000000e+00 11.9486 0.000000e+00
0.87 0.000000e+00 10.1821 0.000000e+00
0.88 0.000000e+00 8.67672 0.000000e+00
0.89 0.000000e+00 7.3939 0.000000e+00
0.9 0.000000e+00 6.30072 0.000000e+00
0.91 0.000000e+00 5.36917 0.000000e+00
0.92 0.000000e+00 4.57533 0.000000e+00
0.93 0.000000e+00 3.89887 0.000000e+00
0.94 0.000000e+00 3.32241 0.000000e+00
0.95 0.000000e+00 2.83118 0.000000e+00
0.96 0.000000e+00 2.41258 0.000000e+00
0.97 0.000000e+00 2.05587 0.000000e+00
0.98 0.000000e+00 1.75191 0.000000e+00
0.99 0.000000e+00 1.49288 0.000000e+00
1 0.000000e+00 1.27215 0.000000e+00
1.01 0.000000e+00 1.08406 0.000000e+00
1.02 0.000000e+00 0.923773 0.000000e+00
1.03 0.000000e+00 0.787189 0.000000e+00
1.04 0.000000e+00 0.670799 0.000000e+00
1.05 0.000000e+00 0.571617 0.000000e+00
1.06 0.000000e+00 0.4871 0.000000e+00
1.07 0.000000e+00 0.41508 0.000000e+00
1.08 0.000000e+00 0.353708 0.000000e+00
1.09 0.000000e+00 0.30141 0.000000e+00
1.1 0.000000e+00 0.256845 0.000000e+00
1.11 0.000000e+00 0.218869 0.000000e+00
1.12 0.000000e+00 0.186508 0.000000e+00
1.13 0.000000e+00 0.158931 0.000000e+00
1.14 0.000000e+00 0.135433 0.000000e+00
1.15 0.000000e+00 0.115408 0.000000e+00
1.16 0.000000e+00 0.0983442 0.000000e+00
1.17 0.000000e+00 0.0838034 0.000000e+00
1.18 0.000000e+00 0.0714126 0.000000e+00
1.19 0.000000e+00 0.0608538 0.000000e+00
1.2 0.000000e+00 0.0518562 0.000000e+00
1.21 0.000000e+00 0.0441889 0.000000e+00
1.22 0.000000e+00 0.0376553 0.000000e+00
1.23 0.000000e+00 0.0320878 0.000000e+00
1.24 0.000000e+00 0.0273434 0.000000e+00
1.25 0.000000e+00 0.0233005 0.000000e+00
1.26 0.000000e+00 0.0198554 0.000000e+00
1.27 0.000000e+00 0.0169196 0.000000e+00
1.28 0.000000e+00 0.014418 0.000000e+00
1.29 0.000000e+00 0.0122862 0.000000e+00
1.3 0.000000e+00 0.0104696 0.000000e+00
1.31 0.000000e+00 0.00892159 0.000000e+00
1.32 0.000000e+00 0.00760248 0.000000e+00
1.33 0.000000e+00 0.00647841 0.000000e+00
1.34 0.000000e+00 0.00552053 0.000000e+00
1.35 0.000000e+00 0.00470429 0.000000e+00
1.36 0.000000e+00 0.00400873 0.000000e+00
1.37 0.000000e+00 0.00341601 0.000000e+00
1.38 0.000000e+00 0.00291094 0.000000e+00
1.39 0.000000e+00 0.00248054 0.000000e+00
1.4 0.000000e+00 0.00211377 0.000000e+00
1.41 0.000000e+00 0.00180124 0.000000e+00
1.42 0.000000e+00 0.00153491 0.000000e+00
1.43 0.000000e+00 0.00130797 0.000000e+00
1.44 0.000000e+00 0.00111458 0.000000e+00
1.45 0.000000e+00 0.00094978 0.000000e+00
1.46 0.000000e+00 0.000809349 0.000000e+00
1.47 0.000000e+00 0.000689682 0.000000e+00
1.48 0.000000e+00 0.000587708 0.000000e+00
1.49 0.000000e+00 0.000500812 0.000000e+00
1.5 0.000000e+00 0.000426763 0.000000e+00
1.51 0.000000e+00 0.000363664 0.000000e+00
1.52 0.000000e+00 0.000309894 0.000000e+00
1.53 0.000000e+00 0.000264074 0.000000e+00
1.54 0.000000e+00 0.000225029 0.000000e+00
1.55 0.000000e+00 0.000191757 0.000000e+00
1.56 0.000000e+00 0.000163405 0.000000e+00
1.57 0.000000e+00 0.000139244 0.000000e+00
1.58 0.000000e+00 0.000118656 0.000000e+00
1.59 0.000000e+00 0.000101112 0.000000e+00
1.6 0.000000e+00 8.61621e-05 0.000000e+00
1.61 0.000000e+00 7.34225e-05 0.000000e+00
1.62 0.000000e+00 6.25665e-05 0.000000e+00
1.63 0.000000e+00 5.33157e-05 0.000000e+00
1.64 0.000000e+00 4.54326e-05 0.000000e+00
1.65 0.000000e+00 3.87151e-05 0.000000e+00
1.66 0.000000e+00 3.29909e-05 0.000000e+00
1.67 0.000000e+00 2.81129e-05 0.000000e+00
1.68 0.000000e+00 2.39563e-05 0.000000e+00
1.69 0.000000e+00 2.04142e-05 0.000000e+00
1.7 0.000000e+00 1.73958e-05 0.000000e+00
1.71 0.000000e+00 1.48238e-05 0.000000e+00
1.72 0.000000e+00 1.2632e-05 0.000000e+00
1.73 0.000000e+00 1.07643e-05 0.000000e+00
1.74 0.000000e+00 9.17269e-06 0.000000e+00
1.75 0.000000e+00 7.81644e-06 0.000000e+00
1.76 0.000000e+00 6.66073e-06 0.000000e+00
1.77 0.000000e+00 5.67589e-06 0.000000e+00
1.78 0.000000e+00 4.83668e-06 0.000000e+00
1.79 0.000000e+00 4.12155e-06 0.000000e+00
1.8 0.000000e+00 3.51215e-06 0.000000e+00
1.81 0.000000e+00 2.99286e-06 0.000000e+00
1.82 0.000000e+00 2.55036e-06 0.000000e+00
1.83 0.000000e+00 2.17326e-06 0.000000e+00
1.84 0.000000e+00 1.85193e-06 0.000000e+00
1.85 0.000000e+00 1.5781e-06 0.000000e+00
1.86 0.000000e+00 1.34477e-06 0.000000e+00
1.87 0.000000e+00 1.14594e-06 0.000000e+00
1.88 0.000000e+00 9.76499e-07 0.000000e+00
1.89 0.000000e+00 8.32128e-07 0.000000e+00
1.9 0.000000e+00 7.0909e-07 0.000000e+00
1.91 0.000000e+00 6.0424e-07 0.000000e+00
1.92 0.000000e+00 5.14916e-07 0.000000e+00
1.93 0.000000e+00 4.38766e-07 0.000000e+00
1.94 0.000000e+00 3.73896e-07 0.000000e+00
1.95 0.000000e+00 3.18619e-07 0.000000e+00
1.96 0.000000e+00 2.71501e-07 0.000000e+00
1.97 0.000000e+00 2.31367e-07 0.000000e+00
1.98 0.000000e+00 1.97142e-07 0.000000e+00
1.99 0.000000e+00 1.68006e-07 0.000000e+00
2 0.000000e+00 1.43169e-07 0.000000e+00
2.01 0.000000e+00 1.21989e-07 0.000000e+00
2.02 0.000000e+00 1.03955e-07 0.000000e+00
2.03 0.000000e+00 8.85819e-08 0.000000e+00
2.04 0.000000e+00 7.54852e-08 0.000000e+00
2.05 0.000000e+00 6.43325e-08 0.000000e+00
2.06 0.000000e+00 5.4817e-08 0.000000e+00
2.07 0.000000e+00 4.67082e-08 0.000000e+00
2.08 0.000000e+00 3.98018e-08 0.000000e+00
2.09 0.000000e+00 3.39185e-08 0.000000e+00
2.1 0.000000e+00 2.89049e-08 0.000000e+00
2.11 0.000000e+00 2.46331e-08 0.000000e+00
2.12 0.000000e+00 2.10008e-08 0.000000e+00
2.13 0.000000e+00 1.78801e-08 0.000000e+00
2.14 0.000000e+00 1.52454e-08 0.000000e+00
2.15 0.000000e+00 1.29944e-08 0.000000e+00
2.16 0.000000e+00 1.10759e-08 0.000000e+00
2.17 0.000000e+00 9.43885e-09 0.000000e+00
2.18 0.000000e+00 8.03198e-09 0.000000e+00
2.19 0.000000e+00 6.85532e-09 0.000000e+00
2.2 0.000000e+00 5.83213e-09 0.000000e+00
2.21 0.000000e+00 4.96243e-09 0.000000e+00
2.22 0.000000e+00 4.2462e-09 0.000000e+00
2.23 0.000000e+00 3.60671e-09 0.000000e+00
2.24 0.000000e+00 3.06954e-09 0.000000e+00
2.25 0.000000e+00 2.63469e-09 0.000000e+00
2.26 0.000000e+00 2.22542e-09 0.000000e+00
2.27 0.000000e+00 1.89289e-09 0.000000e+00
2.28 0.000000e+00 1.61151e-09 0.000000e+00
2.29 0.000000e+00 1.3813e-09 0.000000e+00
2.3 0.000000e+00 1.17666e-09 0.000000e+00
2.31 0.000000e+00 9.97602e-10 0.000000e+00
2.32 0.000000e+00 8.44125e-10 0.000000e+00
2.33 0.000000e+00 7.41807e-10 0.000000e+00
2.34 0.000000e+00 6.13909e-10 0.000000e+00
2.35 0.000000e+00 5.3717e-10 0.000000e+00
2.36 0.000000e+00 4.60432e-10 0.000000e+00
2.37 0.000000e+00 3.83693e-10 0.000000e+00
2.38 0.000000e+00 3.32534e-10 0.000000e+00
2.39 0.000000e+00 2.81375e-10 0.000000e+00
2.4 0.000000e+00 2.30216e-10 0.000000e+00
2.41 0.000000e+00 2.04636e-10 0.000000e+00
2.42 0.000000e+00 1.79057e-10 0.000000e+00
2.43 0.000000e+00 1.53477e-10 0.000000e+00
2.44 0.000000e+00 1.27898e-10 0.000000e+00
2.45 0.000000e+00 1.02318e-10 0.000000e+00
2.46 0.000000e+00 1.02318e-10 0.000000e+00
2.47 0.000000e+00 7.67386e-11 0.000000e+00
2.48 0.000000e+00 7.67386e-11 0.000000e+00
2.49 0.000000e+00 5.11591e-11 0.000000e+00
2.5 0.000000e+00 5.11591e-11 0.000000e+00
2.51 0.000000e+00 5.11591e-11 0.000000e+00
2.52 0.000000e+00 2.55795e-11 0.000000e+00
2.53 0.000000e+00 2.55795e-11 0.000000e+00
2.54 0.000000e+00 2.55795e-11 0.000000e+00
2.55 0.000000e+00 2.55795e-11 0.000000e+00
2.56 0.000000e+00 2.55795e-11 0.000000e+00
2.57 0.000000e+00 2.55795e-11 0.000000e+00
2.58 0.000000e+00 2.55795e-11 0.000000e+00
2.59 0.000000e+00 0 0.000000e+00
2.6 0.000000e+00 0 0.000000e+00
2.61 0.000000e+00 0 0.000000e+00
2.62 0.000000e+00 0 0.000000e+00
2.63 0.000000e+00 0 0.000000e+00
2.64 0.000000e+00 0 0.000000e+00
2.65 0.000000e+00 0 0.000000e+00
2.66 0.000000e+00 0 0.000000e+00
2.67 0.000000e+00 0 0.000000e+00
2.68 0.000000e+00 0 0.000000e+00
2.69 0.000000e+00 0 0.000000e+00
2.7 0.000000e+00 0 0.000000e+00
2.71 0.000000e+00 0 0.000000e+00
2.72 0.000000e+00 0 0.000000e+00
2.73 0.000000e+00 0 0.000000e+00
2.74 0.000000e+00 0 0.000000e+00
2.75 0.000000e+00 0 0.000000e+00
2.76 0.000000e+00 0 0.000000e+00
2.77 0.000000e+00 0 0.000000e+00
2.78 0.000000e+00 0 0.000000e+00
2.79 0.000000e+00 0 0.000000e+00
2.8 0.000000e+00 0 0.000000e+00
2.81 0.000000e+00 0 0.000000e+00
2.82 0.000000e+00 0 0.000000e+00
2.83 0.000000e+00 0 0.000000e+00
2.84 0.000000e+00 0 0.000000e+00
2.85 0.000000e+00 0 0.000000e+00
2.86 0.000000e+00 0 0.000000e+00
2.87 0.000000e+00 0 0.000000e+00
2.88 0.000000e+00 0 0.000000e+00
2.89 0.000000e+00 0 0.000000e+00
2.9 0.000000e+00 0 0.000000e+00
2.91 0.000000e+00 0 0.000000e+00
2.92 0.000000e+00 0 0.000000e+00
2.93 0.000000e+00 0 0.000000e+00
2.94 0.000000e+00 0 0.000000e+00
2.95 0.000000e+00 0 0.000000e+00
2.96 0.000000e+00 0 0.000000e+00
2.97 0.000000e+00 0 0.000000e+00
2.98 0.000000e+00 0 0.000000e+00
2.99 0.000000e+00 0 0.000000e+00
3 0.000000e+00 0 0.000000e+00
3.01 0.000000e+00 0 0.000000e+00
3.02 0.000000e+00 0 0.000000e+00
3.03 0.000000e+00 0 0.000000e+00
3.04 0.000000e+00 0 0.000000e+00
3.05 0.000000e+00 0 0.000000e+00
3.06 0.000000e+00 0 0.000000e+00
3.07 0.000000e+00 0 0.000000e+00
3.08 0.000000e+00 0 0.000000e+00
3.09 0.000000e+00 0 0.000000e+00
3.1 0.000000e+00 0 0.000000e+00
3.11 0.000000e+00 0 0.000000e+00
3.12 0.000000e+00 0 0.000000e+00
3.13 0.000000e+00 0 0.000000e+00
3.14 0.000000e+00 0 0.000000e+00
3.15 0.000000e+00 0 0.000000e+00
3.16 0.000000e+00 0 0.000000e+00
3.17 0.000000e+00 0 0.000000e+00
3.18 0.000000e+00 0 0.000000e+00
3.19 0.000000e+00 0 0.000000e+00
3.2 0.000000e+00 0 0.000000e+00
3.21 0.000000e+00 0 0.000000e+00
3.22 0.000000e+00 0 0.000000e+00
3.23 0.000000e+00 0 0.000000e+00
3.24 0.000000e+00 0 0.000000e+00
3.25 0.000000e+00 0 0.000000e+00
3.26 0.000000e+00 0 0.000000e+00
3.27 0.000000e+00 0 0.000000e+00
3.28 0.000000e+00 0 0.000000e+00
3.29 0.000000e+00 0 0.000000e+00
3.3 0.000000e+00 0 0.000000e+00
3.31 0.000000e+00 0 0.000000e+00
3.32 0.000000e+00 0 0.000000e+00
3.33 0.000000e+00 0 0.000000e+00
3.34 0.000000e+00 0 0.000000e+00
3.35 0.000000e+00 0 0.000000e+00
3.36 0.000000e+00 0 0.000000e+00
3.37 0.000000e+00 0 0.000000e+00
3.38 0.000000e+00 0 0.000000e+00
3.39 0.000000e+00 0 0.000000e+00
3.4 0.000000e+00 0 0.000000e+00
3.41 0.000000e+00 0 0.000000e+00
3.42 0.000000e+00 0 0.000000e+00
3.43 0.000000e+00 0 0.000000e+00
3.44 0.000000e+00 0 0.000000e+00
3.45 0.000000e+00 0 0.000000e+00
3.46 0.000000e+00 0 0.000000e+00
3.47 0.000000e+00 0 0.000000e+00
3.48 0.000000e+00 0 0.000000e+00
3.49 0.000000e+00 0 0.000000e+00
3.5 0.000000e+00 0 0.000000e+00
3.51 0.000000e+00 0 0.000000e+00
3.52 0.000000e+00 0 0.000000e+00
3.53 0.000000e+00 0 0.000000e+00
3.54 0.000000e+00 0 0.000000e+00
3.55 0.000000e+00 0 0.000000e+00
3.56 0.000000e+00 0 0.000000e+00
3.57 0.000000e+00 0 0.000000e+00
3.58 0.000000e+00 0 0.000000e+00
3.59 0.000000e+00 0 0.000000e+00
3.6 0.000000e+00 0 0.000000e+00
3.61 0.000000e+00 0 0.000000e+00
3.62 0.000000e+00 0 0.000000e+00
3.63 0.000000e+00 0 0.000000e+00
3.64 0.000000e+00 0 0.000000e+00
3.65 0.000000e+00 0 0.000000e+00
3.66 0.000000e+00 0 0.000000e+00
3.67 0.000000e+00 0 0.000000e+00
3.68 0.000000e+00 0 0.000000e+00
3.69 0.000000e+00 0 0.000000e+00
3.7 0.000000e+00 0 0.000000e+00
3.71 0.000000e+00 0 0.000000e+00
3.72 0.000000e+00 0 0.000000e+00
3.73 0.000000e+00 0 0.000000e+00
3.74 0.000000e+00 0 0.000000e+00
3.75 0.000000e+00 0 0.000000e+00
3.76 0.000000e+00 0 0.000000e+00
3.77 0.000000e+00 0 0.000000e+00
3.78 0.000000e+00 0 0.000000e+00
3.79 0.000000e+00 0 0.000000e+00
3.8 0.000000e+00 0 0.000000e+00
3.81 0.000000e+00 0 0.000000e+00
3.82 0.000000e+00 0 0.000000e+00
3.83 0.000000e+00 0 0.000000e+00
3.84 0.000000e+00 0 0.000000e+00
3.85 0.000000e+00 0 0.000000e+00
3.86 0.000000e+00 0 0.000000e+00
3.87 0.000000e+00 0 0.000000e+00
3.88 0.000000e+00 0 0.000000e+00
3.89 0.000000e+00 0 0.000000e+00
3.9 0.000000e+00 0 0.000000e+00
3.91 0.000000e+00 0 0.000000e+00
3.92 0.000000e+00 0 0.000000e+00
3.93 0.000000e+00 0 0.000000e+00
3.94 0.000000e+00 0 0.000000e+00
3.95 0.000000e+00 0 0.000000e+00
3.96 0.000000e+00 0 0.000000e+00
3.97 0.000000e+00 0 0.000000e+00
3.98 0.000000e+00 0 0.000000e+00
3.99 0.000000e+00 0 0.000000e+00
4 0.000000e+00 0 0.000000e+00
