0.01 -0.0456512 0.0456512 0.0456512 -0.0456512
0.02 -0.0531511 0.0531511 0.0531511 -0.0531511
0.03 -0.0618035 0.0618035 0.0618035 -0.0618035
0.04 -0.0717575 0.0717575 0.0717575 -0.0717575
0.05 -0.0831727 0.0831727 0.0831727 -0.0831727
0.06 -0.0962155 0.0962155 0.0962155 -0.0962155
0.07 -0.111056 0.111056 0.111056 -0.111056
1.000000e-02 -4.565117e-02 4.565117e-02 4.565117e-02 -4.565117e-02
2.000000e-02 -5.315114e-02 5.315114e-02 5.315114e-02 -5.315114e-02
3.000000e-02 -6.180347e-02 6.180347e-02 6.180347e-02 -6.180347e-02
4.000000e-02 -7.175754e-02 7.175754e-02 7.175754e-02 -7.175754e-02
0.08 -0.127862 0.127862 0.127862 -0.127862
0.09 -0.14679 0.14679 0.14679 -0.14679
0.1 -0.167982 0.167982 0.167982 -0.167982
5.000000e-02 -8.317270e-02 8.317270e-02 8.317270e-02 -8.317270e-02
6.000000e-02 -9.621554e-02 9.621554e-02 9.621554e-02 -9.621554e-02
7.000000e-02 -1.110560e-01 1.110560e-01 1.110560e-01 -1.110560e-01
0.11 -0.191545 0.191545 0.191545 -0.191545
0.12 -0.21755 0.21755 0.21755 -0.21755
0.13 -0.246011 0.246011 0.246011 -0.246011
8.000000e-02 -1.278616e-01 1.278616e-01 1.278616e-01 -1.278616e-01
0.14 -0.276878 0.276878 0.276878 -0.276878
9.000000e-02 -1.467903e-01 1.467903e-01 1.467903e-01 -1.467903e-01
0.15 -0.310026 0.310026 0.310026 -0.310026
0.16 -0.345247 0.345247 0.345247 -0.345247
0.17 -0.382252 0.382252 0.382252 -0.382252
0.18 -0.420676 0.420676 0.420676 -0.420676
1.000000e-01 -1.679816e-01 1.679816e-01 1.679816e-01 -1.679816e-01
1.100000e-01 -1.915453e-01 1.915453e-01 1.915453e-01 -1.915453e-01
0.19 -0.460085 0.460085 0.460085 -0.460085
0.2 -0.5 0.5 0.5 -0.5
1.200000e-01 -2.175502e-01 2.175502e-01 2.175502e-01 -2.175502e-01
0.21 -0.539915 0.539915 0.539915 -0.539915
0.22 -0.579324 0.579324 0.579324 -0.579324
0.23 -0.617748 0.617748 0.617748 -0.617748
1.300000e-01 -2.460113e-01 2.460113e-01 2.460113e-01 -2.460113e-01
1.400000e-01 -2.768782e-01 2.768782e-01 2.768782e-01 -2.768782e-01
0.24 -0.654753 0.654753 0.654753 -0.654753
0.25 -0.689974 0.689974 0.689974 -0.689974
0.26 -0.723122 0.723122 0.723122 -0.723122
1.500000e-01 -3.100255e-01 3.100255e-01 3.100255e-01 -3.100255e-01
0.27 -0.753989 0.753989 0.753989 -0.753989
0.28 -0.78245 0.78245 0.78245 -0.78245
1.600000e-01 -3.452465e-01 3.452465e-01 3.452465e-01 -3.452465e-01
0.29 -0.808455 0.808455 0.808455 -0.808455
0.3 -0.832018 0.832018 0.832018 -0.832018
1.700000e-01 -3.822521e-01 3.822521e-01 3.822521e-01 -3.822521e-01
0.31 -0.85321 0.85321 0.85321 -0.85321
1.800000e-01 -4.206757e-01 4.206757e-01 4.206757e-01 -4.206757e-01
0.32 -0.872138 0.872138 0.872138 -0.872138
0.33 -0.888944 0.888944 0.888944 -0.888944
0.34 -0.903784 0.903784 0.903784 -0.903784
0.35 -0.916827 0.916827 0.916827 -0.916827
1.900000e-01 -4.600851e-01 4.600851e-01 4.600851e-01 -4.600851e-01
2.000000e-01 -5.000000e-01 5.000000e-01 5.000000e-01 -5.000000e-01
0.36 -0.928242 0.928242 0.928242 -0.928242
0.37 -0.938197 0.938197 0.938197 -0.938197
2.100000e-01 -5.399149e-01 5.399149e-01 5.399149e-01 -5.399149e-01
0.38 -0.946849 0.946849 0.946849 -0.946849
2.200000e-01 -5.793243e-01 5.793243e-01 5.793243e-01 -5.793243e-01
0.39 -0.954349 0.954349 0.954349 -0.954349
0.4 -0.960834 0.960834 0.960834 -0.960834
2.300000e-01 -6.177479e-01 6.177479e-01 6.177479e-01 -6.177479e-01
0.41 -0.966431 0.966431 0.966431 -0.966431
0.42 -0.971252 0.971252 0.971252 -0.971252
2.400000e-01 -6.547535e-01 6.547535e-01 6.547535e-01 -6.547535e-01
0.43 -0.975398 0.975398 0.975398 -0.975398
2.500000e-01 -6.899745e-01 6.899745e-01 6.899745e-01 -6.899745e-01
0.44 -0.978959 0.978959 0.978959 -0.978959
0.45 -0.982014 0.982014 0.982014 -0.982014
2.600000e-01 -7.231218e-01 7.231218e-01 7.231218e-01 -7.231218e-01
0.46 -0.984632 0.984632 0.984632 -0.984632
0.47 -0.986875 0.986875 0.986875 -0.986875
2.700000e-01 -7.539887e-01 7.539887e-01 7.539887e-01 -7.539887e-01
0.48 -0.988794 0.988794 0.988794 -0.988794
0.49 -0.990435 0.990435 0.990435 -0.990435
2.800000e-01 -7.824498e-01 7.824498e-01 7.824498e-01 -7.824498e-01
0.5 -0.991837 0.991837 0.991837 -0.991837
0.51 -0.993036 0.993036 0.993036 -0.993036
2.900000e-01 -8.084547e-01 8.084547e-01 8.084547e-01 -8.084547e-01
0.52 -0.994059 0.994059 0.994059 -0.994059
0.53 -0.994933 0.994933 0.994933 -0.994933
0.54 -0.995679 0.995679 0.995679 -0.995679
3.000000e-01 -8.320184e-01 8.320184e-01 8.320184e-01 -8.320184e-01
0.55 -0.996316 0.996316 0.996316 -0.996316
0.56 -0.996859 0.996859 0.996859 -0.996859
3.100000e-01 -8.532097e-01 8.532097e-01 8.532097e-01 -8.532097e-01
0.57 -0.997322 0.997322 0.997322 -0.997322
3.200000e-01 -8.721384e-01 8.721384e-01 8.721384e-01 -8.721384e-01
3.300000e-01 -8.889440e-01 8.889440e-01 8.889440e-01 -8.889440e-01
0.58 -0.997717 0.997717 0.997717 -0.997717
0.59 -0.998054 0.998054 0.998054 -0.998054
0.6 -0.998341 0.998341 0.998341 -0.998341
0.61 -0.998586 0.998586 0.998586 -0.998586
0.62 -0.998795 0.998795 0.998795 -0.998795
3.400000e-01 -9.037845e-01 9.037845e-01 9.037845e-01 -9.037845e-01
3.500000e-01 -9.168273e-01 9.168273e-01 9.168273e-01 -9.168273e-01
0.63 -0.998973 0.998973 0.998973 -0.998973
0.64 -0.999125 0.999125 0.999125 -0.999125
0.65 -0.999254 0.999254 0.999254 -0.999254
0.66 -0.999364 0.999364 0.999364 -0.999364
3.600000e-01 -9.282425e-01 9.282425e-01 9.282425e-01 -9.282425e-01
0.67 -0.999458 0.999458 0.999458 -0.999458
3.700000e-01 -9.381965e-01 9.381965e-01 9.381965e-01 -9.381965e-01
0.68 -0.999538 0.999538 0.999538 -0.999538
3.800000e-01 -9.468489e-01 9.468489e-01 9.468489e-01 -9.468489e-01
0.69 -0.999606 0.999606 0.999606 -0.999606
0.7 -0.999665 0.999665 0.999665 -0.999665
3.900000e-01 -9.543488e-01 9.543488e-01 9.543488e-01 -9.543488e-01
0.71 -0.999714 0.999714 0.999714 -0.999714
0.72 -0.999756 0.999756 0.999756 -0.999756
0.73 -0.999792 0.999792 0.999792 -0.999792
4.000000e-01 -9.608343e-01 9.608343e-01 9.608343e-01 -9.608343e-01
0.74 -0.999823 0.999823 0.999823 -0.999823
4.100000e-01 -9.664308e-01 9.664308e-01 9.664308e-01 -9.664308e-01
0.75 -0.999849 0.999849 0.999849 -0.999849
4.200000e-01 -9.712515e-01 9.712515e-01 9.712515e-01 -9.712515e-01
0.76 -0.999872 0.999872 0.999872 -0.999872
0.77 -0.999891 0.999891 0.999891 -0.999891
4.300000e-01 -9.753976e-01 9.753976e-01 9.753976e-01 -9.753976e-01
0.78 -0.999907 0.999907 0.999907 -0.999907
0.79 -0.999921 0.999921 0.999921 -0.999921
4.400000e-01 -9.789587e-01 9.789587e-01 9.789587e-01 -9.789587e-01
0.8 -0.999932 0.999932 0.999932 -0.999932
0.81 -0.999942 0.999942 0.999942 -0.999942
4.500000e-01 -9.820138e-01 9.820138e-01 9.820138e-01 -9.820138e-01
0.82 -0.999951 0.999951 0.999951 -0.999951
4.600000e-01 -9.846323e-01 9.846323e-01 9.846323e-01 -9.846323e-01
0.83 -0.999958 0.999958 0.999958 -0.999958
0.84 -0.999964 0.999964 0.999964 -0.999964
4.700000e-01 -9.868747e-01 9.868747e-01 9.868747e-01 -9.868747e-01
0.85 -0.99997 0.99997 0.99997 -0.99997
0.86 -0.999974 0.999974 0.999974 -0.999974
4.800000e-01 -9.887936e-01 9.887936e-01 9.887936e-01 -9.887936e-01
0.87 -0.999978 0.999978 0.999978 -0.999978
0.88 -0.999981 0.999981 0.999981 -0.999981
4.900000e-01 -9.904347e-01 9.904347e-01 9.904347e-01 -9.904347e-01
0.89 -0.999984 0.999984 0.999984 -0.999984
0.9 -0.999986 0.999986 0.999986 -0.999986
5.000000e-01 -9.918374e-01 9.918374e-01 9.918374e-01 -9.918374e-01
5.100000e-01 -9.930359e-01 9.930359e-01 9.930359e-01 -9.930359e-01
0.91 -0.999988 0.999988 0.999988 -0.999988
0.92 -0.99999 0.99999 0.99999 -0.99999
0.93 -0.999992 0.999992 0.999992 -0.999992
0.94 -0.999993 0.999993 0.999993 -0.999993
5.200000e-01 -9.940595e-01 9.940595e-01 9.940595e-01 -9.940595e-01
0.95 -0.999994 0.999994 0.999994 -0.999994
5.300000e-01 -9.949334e-01 9.949334e-01 9.949334e-01 -9.949334e-01
0.96 -0.999995 0.999995 0.999995 -0.999995
0.97 -0.999996 0.999996 0.999996 -0.999996
0.98 -0.999996 0.999996 0.999996 -0.999996
5.400000e-01 -9.956793e-01 9.956793e-01 9.956793e-01 -9.956793e-01
0.99 -0.999997 0.999997 0.999997 -0.999997
5.500000e-01 -9.963158e-01 9.963158e-01 9.963158e-01 -9.963158e-01
1 -0.999997 0.999997 0.999997 -0.999997
5.600000e-01 -9.968588e-01 9.968588e-01 9.968588e-01 -9.968588e-01
1.01 -0.999998 0.999998 0.999998 -0.999998
1.02 -0.999998 0.999998 0.999998 -0.999998
1.03 -0.999998 0.999998 0.999998 -0.999998
5.700000e-01 -9.973220e-01 9.973220e-01 9.973220e-01 -9.973220e-01
1.04 -0.999999 0.999999 0.999999 -0.999999
1.05 -0.999999 0.999999 0.999999 -0.999999
1.06 -0.999999 0.999999 0.999999 -0.999999
5.800000e-01 -9.977170e-01 9.977170e-01 9.977170e-01 -9.977170e-01
5.900000e-01 -9.980539e-01 9.980539e-01 9.980539e-01 -9.980539e-01
1.07 -0.999999 0.999999 0.999999 -0.999999
6.000000e-01 -9.983412e-01 9.983412e-01 9.983412e-01 -9.983412e-01
1.08 -0.999999 0.999999 0.999999 -0.999999
1.09 -0.999999 0.999999 0.999999 -0.999999
1.1 -0.999999 0.999999 0.999999 -0.999999
6.100000e-01 -9.985861e-01 9.985861e-01 9.985861e-01 -9.985861e-01
1.11 -1 1 1 -1
6.200000e-01 -9.987949e-01 9.987949e-01 9.987949e-01 -9.987949e-01
1.12 -1 1 1 -1
1.13 -1 1 1 -1
6.300000e-01 -9.989729e-01 9.989729e-01 9.989729e-01 -9.989729e-01
1.14 -1 1 1 -1
1.15 -1 1 1 -1
6.400000e-01 -9.991246e-01 9.991246e-01 9.991246e-01 -9.991246e-01
1.16 -1 1 1 -1
6.500000e-01 -9.992540e-01 9.992540e-01 9.992540e-01 -9.992540e-01
1.17 -1 1 1 -1
1.18 -1 1 1 -1
6.600000e-01 -9.993642e-01 9.993642e-01 9.993642e-01 -9.993642e-01
1.19 -1 1 1 -1
1.2 -1 1 1 -1
1.21 -1 1 1 -1
6.700000e-01 -9.994582e-01 9.994582e-01 9.994582e-01 -9.994582e-01
1.22 -1 1 1 -1
1.23 -1 1 1 -1
1.24 -1 1 1 -1
6.800000e-01 -9.995382e-01 9.995382e-01 9.995382e-01 -9.995382e-01
6.900000e-01 -9.996065e-01 9.996065e-01 9.996065e-01 -9.996065e-01
7.000000e-01 -9.996646e-01 9.996646e-01 9.996646e-01 -9.996646e-01
1.25 -1 1 1 -1
1.26 -1 1 1 -1
1.27 -1 1 1 -1
7.100000e-01 -9.997142e-01 9.997142e-01 9.997142e-01 -9.997142e-01
1.28 -1 1 1 -1
1.29 -1 1 1 -1
1.3 -1 1 1 -1
7.200000e-01 -9.997565e-01 9.997565e-01 9.997565e-01 -9.997565e-01
1.31 -1 1 1 -1
1.32 -1 1 1 -1
7.300000e-01 -9.997925e-01 9.997925e-01 9.997925e-01 -9.997925e-01
1.33 -1 1 1 -1
7.400000e-01 -9.998231e-01 9.998231e-01 9.998231e-01 -9.998231e-01
1.34 -1 1 1 -1
1.35 -1 1 1 -1
7.500000e-01 -9.998493e-01 9.998493e-01 9.998493e-01 -9.998493e-01
1.36 -1 1 1 -1
1.37 -1 1 1 -1
7.600000e-01 -9.998716e-01 9.998716e-01 9.998716e-01 -9.998716e-01
1.38 -1 1 1 -1
1.39 -1 1 1 -1
7.700000e-01 -9.998906e-01 9.998906e-01 9.998906e-01 -9.998906e-01
1.4 -1 1 1 -1
7.800000e-01 -9.999067e-01 9.999067e-01 9.999067e-01 -9.999067e-01
1.41 -1 1 1 -1
1.42 -1 1 1 -1
7.900000e-01 -9.999205e-01 9.999205e-01 9.999205e-01 -9.999205e-01
1.43 -1 1 1 -1
1.44 -1 1 1 -1
1.45 -1 1 1 -1
8.000000e-01 -9.999323e-01 9.999323e-01 9.999323e-01 -9.999323e-01
1.46 -1 1 1 -1
1.47 -1 1 1 -1
8.100000e-01 -9.999423e-01 9.999423e-01 9.999423e-01 -9.999423e-01
1.48 -1 1 1 -1
1.49 -1 1 1 -1
8.200000e-01 -9.999508e-01 9.999508e-01 9.999508e-01 -9.999508e-01
1.5 -1 1 1 -1
8.300000e-01 -9.999581e-01 9.999581e-01 9.999581e-01 -9.999581e-01
1.51 -1 1 1 -1
1.52 -1 1 1 -1
1.53 -1 1 1 -1
8.400000e-01 -9.999643e-01 9.999643e-01 9.999643e-01 -9.999643e-01
1.54 -1 1 1 -1
8.500000e-01 -9.999696e-01 9.999696e-01 9.999696e-01 -9.999696e-01
1.55 -1 1 1 -1
8.600000e-01 -9.999741e-01 9.999741e-01 9.999741e-01 -9.999741e-01
1.56 -1 1 1 -1
1.57 -1 1 1 -1
8.700000e-01 -9.999779e-01 9.999779e-01 9.999779e-01 -9.999779e-01
1.58 -1 1 1 -1
1.59 -1 1 1 -1
8.800000e-01 -9.999812e-01 9.999812e-01 9.999812e-01 -9.999812e-01
1.6 -1 1 1 -1
1.61 -1 1 1 -1
8.900000e-01 -9.999840e-01 9.999840e-01 9.999840e-01 -9.999840e-01
1.62 -1 1 1 -1
1.63 -1 1 1 -1
1.64 -1 1 1 -1
9.000000e-01 -9.999863e-01 9.999863e-01 9.999863e-01 -9.999863e-01
1.65 -1 1 1 -1
1.66 -1 1 1 -1
9.100000e-01 -9.999883e-01 9.999883e-01 9.999883e-01 -9.999883e-01
9.200000e-01 -9.999901e-01 9.999901e-01 9.999901e-01 -9.999901e-01
1.67 -1 1 1 -1
1.68 -1 1 1 -1
1.69 -1 1 1 -1
9.300000e-01 -9.999915e-01 9.999915e-01 9.999915e-01 -9.999915e-01
1.7 -1 1 1 -1
1.71 -1 1 1 -1
1.72 -1 1 1 -1
9.400000e-01 -9.999928e-01 9.999928e-01 9.999928e-01 -9.999928e-01
1.73 -1 1 1 -1
1.74 -1 1 1 -1
9.500000e-01 -9.999939e-01 9.999939e-01 9.999939e-01 -9.999939e-01
1.75 -1 1 1 -1
1.76 -1 1 1 -1
9.600000e-01 -9.999948e-01 9.999948e-01 9.999948e-01 -9.999948e-01
1.77 -1 1 1 -1
9.700000e-01 -9.999955e-01 9.999955e-01 9.999955e-01 -9.999955e-01
1.78 -1 1 1 -1
9.800000e-01 -9.999962e-01 9.999962e-01 9.999962e-01 -9.999962e-01
1.79 -1 1 1 -1
1.8 -1 1 1 -1
9.900000e-01 -9.999968e-01 9.999968e-01 9.999968e-01 -9.999968e-01
1.81 -1 1 1 -1
1.82 -1 1 1 -1
1.83 -1 1 1 -1
1.000000e+00 -9.999972e-01 9.999972e-01 9.999972e-01 -9.999972e-01
1.84 -1 1 1 -1
1.010000e+00 -9.999976e-01 9.999976e-01 9.999976e-01 -9.999976e-01
1.85 -1 1 1 -1
1.86 -1 1 1 -1
1.020000e+00 -9.999980e-01 9.999980e-01 9.999980e-01 -9.999980e-01
1.87 -1 1 1 -1
1.88 -1 1 1 -1
1.89 -1 1 1 -1
1.030000e+00 -9.999983e-01 9.999983e-01 9.999983e-01 -9.999983e-01
1.9 -1 1 1 -1
1.040000e+00 -9.999985e-01 9.999985e-01 9.999985e-01 -9.999985e-01
1.91 -1 1 1 -1
1.92 -1 1 1 -1
1.93 -1 1 1 -1
1.050000e+00 -9.999988e-01 9.999988e-01 9.999988e-01 -9.999988e-01
1.94 -1 1 1 -1
1.060000e+00 -9.999989e-01 9.999989e-01 9.999989e-01 -9.999989e-01
1.95 -1 1 1 -1
1.070000e+00 -9.999991e-01 9.999991e-01 9.999991e-01 -9.999991e-01
1.96 -1 1 1 -1
1.97 -1 1 1 -1
1.98 -1 1 1 -1
1.080000e+00 -9.999992e-01 9.999992e-01 9.999992e-01 -9.999992e-01
1.090000e+00 -9.999993e-01 9.999993e-01 9.999993e-01 -9.999993e-01
1.99 -1 1 1 -1
2 -1 1 1 -1
2.01 -1 1 1 -1
2.02 -1 1 1 -1
1.100000e+00 -9.999994e-01 9.999994e-01 9.999994e-01 -9.999994e-01
2.03 -1 1 1 -1
1.110000e+00 -9.999995e-01 9.999995e-01 9.999995e-01 -9.999995e-01
2.04 -1 1 1 -1
1.120000e+00 -9.999996e-01 9.999996e-01 9.999996e-01 -9.999996e-01
2.05 -1 1 1 -1
2.06 -1 1 1 -1
2.07 -1 1 1 -1
1.130000e+00 -9.999997e-01 9.999997e-01 9.999997e-01 -9.999997e-01
2.08 -1 1 1 -1
1.140000e+00 -9.999997e-01 9.999997e-01 9.999997e-01 -9.999997e-01
2.09 -1 1 1 -1
2.1 -1 1 1 -1
1.150000e+00 -9.999997e-01 9.999997e-01 9.999997e-01 -9.999997e-01
2.11 -1 1 1 -1
1.160000e+00 -9.999998e-01 9.999998e-01 9.999998e-01 -9.999998e-01
2.12 -1 1 1 -1
2.13 -1 1 1 -1
2.14 -1 1 1 -1
1.170000e+00 -9.999998e-01 9.999998e-01 9.999998e-01 -9.999998e-01
2.15 -1 1 1 -1
1.180000e+00 -9.999998e-01 9.999998e-01 9.999998e-01 -9.999998e-01
2.16 -1 1 1 -1
2.17 -1 1 1 -1
2.18 -1 1 1 -1
1.190000e+00 -9.999999e-01 9.999999e-01 9.999999e-01 -9.999999e-01
2.19 -1 1 1 -1
1.200000e+00 -9.999999e-01 9.999999e-01 9.999999e-01 -9.999999e-01
2.2 -1 1 1 -1
2.21 -1 1 1 -1
1.210000e+00 -9.999999e-01 9.999999e-01 9.999999e-01 -9.999999e-01
2.22 -1 1 1 -1
2.23 -1 1 1 -1
1.220000e+00 -9.999999e-01 9.999999e-01 9.999999e-01 -9.999999e-01
2.24 -1 1 1 -1
2.25 -1 1 1 -1
1.230000e+00 -9.999999e-01 9.999999e-01 9.999999e-01 -9.999999e-01
2.26 -1 1 1 -1
2.27 -1 1 1 -1
1.240000e+00 -9.999999e-01 9.999999e-01 9.999999e-01 -9.999999e-01
2.28 -1 1 1 -1
2.29 -1 1 1 -1
1.250000e+00 -9.999999e-01 9.999999e-01 9.999999e-01 -9.999999e-01
2.3 -1 1 1 -1
2.31 -1 1 1 -1
2.32 -1 1 1 -1
1.260000e+00 -1.000000e+00 1.000000e+00 1.000000e+00 -1.000000e+00
1.270000e+00 -1.000000e+00 1.000000e+00 1.000000e+00 -1.000000e+00
2.33 -1 1 1 -1
2.34 -1 1 1 -1
1.280000e+00 -1.000000e+00 1.000000e+00 1.000000e+00 -1.000000e+00
2.35 -1 1 1 -1
2.36 -1 1 1 -1
2.37 -1 1 1 -1
1.290000e+00 -1.000000e+00 1.000000e+00 1.000000e+00 -1.000000e+00
1.300000e+00 -1.000000e+00 1.000000e+00 1.000000e+00 -1.000000e+00
2.38 -1 1 1 -1
2.39 -1 1 1 -1
2.4 -1 1 1 -1
2.41 -1 1 1 -1
1.310000e+00 -1.000000e+00 1.000000e+00 1.000000e+00 -1.000000e+00
2.42 -1 1 1 -1
1.320000e+00 -1.000000e+00 1.000000e+00 1.000000e+00 -1.000000e+00
2.43 -1 1 1 -1
2.44 -1 1 1 -1
1.330000e+00 -1.000000e+00 1.000000e+00 1.000000e+00 -1.000000e+00
2.45 -1 1 1 -1
2.46 -1 1 1 -1
1.340000e+00 -1.000000e+00 1.000000e+00 1.000000e+00 -1.000000e+00
2.47 -1 1 1 -1
2.48 -1 1 1 -1
2.49 -1 1 1 -1
1.350000e+00 -1.000000e+00 1.000000e+00 1.000000e+00 -1.000000e+00
1.360000e+00 -1.000000e+00 1.000000e+00 1.000000e+00 -1.000000e+00
2.5 -1 1 1 -1
2.51 -1 1 1 -1
2.52 -1 1 1 -1
1.370000e+00 -1.000000e+00 1.000000e+00 1.000000e+00 -1.000000e+00
2.53 -1 1 1 -1
2.54 -1 1 1 -1
1.380000e+00 -1.000000e+00 1.000000e+00 1.000000e+00 -1.000000e+00
2.55 -1 1 1 -1
2.56 -1 1 1 -1
1.390000e+00 -1.000000e+00 1.000000e+00 1.000000e+00 -1.000000e+00
2.57 -1 1 1 -1
2.58 -1 1 1 -1
1.400000e+00 -1.000000e+00 1.000000e+00 1.000000e+00 -1.000000e+00
2.59 -1 1 1 -1
2.6 -1 1 1 -1
1.410000e+00 -1.000000e+00 1.000000e+00 1.000000e+00 -1.000000e+00
2.61 -1 1 1 -1
2.62 -1 1 1 -1
1.420000e+00 -1.000000e+00 1.000000e+00 1.000000e+00 -1.000000e+00
2.63 -1 1 1 -1
2.64 -1 1 1 -1
1.430000e+00 -1.000000e+00 1.000000e+00 1.000000e+00 -1.000000e+00
2.65 -1 1 1 -1
2.66 -1 1 1 -1
1.440000e+00 -1.000000e+00 1.000000e+00 1.000000e+00 -1.000000e+00
2.67 -1 1 1 -1
2.68 -1 1 1 -1
1.450000e+00 -1.000000e+00 1.000000e+00 1.000000e+00 -1.000000e+00
2.69 -1 1 1 -1
2.7 -1 1 1 -1
1.460000e+00 -1.000000e+00 1.000000e+00 1.000000e+00 -1.000000e+00
1.470000e+00 -1.000000e+00 1.000000e+00 1.000000e+00 -1.000000e+00
2.71 -1 1 1 -1
2.72 -1 1 1 -1
1.480000e+00 -1.000000e+00 1.000000e+00 1.000000e+00 -1.000000e+00
2.73 -1 1 1 -1
2.74 -1 1 1 -1
2.75 -1 1 1 -1
1.490000e+00 -1.000000e+00 1.000000e+00 1.000000e+00 -1.000000e+00
2.76 -1 1 1 -1
2.77 -1 1 1 -1
1.500000e+00 -1.000000e+00 1.000000e+00 1.000000e+00 -1.000000e+00
2.78 -1 1 1 -1
2.79 -1 1 1 -1
1.510000e+00 -1.000000e+00 1.000000e+00 1.000000e+00 -1.000000e+00
1.520000e+00 -1.000000e+00 1.000000e+00 1.000000e+00 -1.000000e+00
2.8 -1 1 1 -1
2.81 -1 1 1 -1
2.82 -1 1 1 -1
2.83 -1 1 1 -1
1.530000e+00 -1.000000e+00 1.000000e+00 1.000000e+00 -1.000000e+00
2.84 -1 1 1 -1
2.85 -1 1 1 -1
2.86 -1 1 1 -1
1.540000e+00 -1.000000e+00 1.000000e+00 1.000000e+00 -1.000000e+00
2.87 -1 1 1 -1
1.550000e+00 -1.000000e+00 1.000000e+00 1.000000e+00 -1.000000e+00
2.88 -1 1 1 -1
1.560000e+00 -1.000000e+00 1.000000e+00 1.000000e+00 -1.000000e+00
2.89 -1 1 1 -1
2.9 -1 1 1 -1
2.91 -1 1 1 -1
1.570000e+00 -1.000000e+00 1.000000e+00 1.000000e+00 -1.000000e+00
2.92 -1 1 1 -1
1.580000e+00 -1.000000e+00 1.000000e+00 1.000000e+00 -1.000000e+00
2.93 -1 1 1 -1
2.94 -1 1 1 -1
2.95 -1 1 1 -1
2.96 -1 1 1 -1
1.590000e+00 -1.000000e+00 1.000000e+00 1.000000e+00 -1.000000e+00
2.97 -1 1 1 -1
1.600000e+00 -1.000000e+00 1.000000e+00 1.000000e+00 -1.000000e+00
2.98 -1 1 1 -1
1.610000e+00 -1.000000e+00 1.000000e+00 1.000000e+00 -1.000000e+00
2.99 -1 1 1 -1
3 -1 1 1 -1
3.01 -1 1 1 -1
1.620000e+00 -1.000000e+00 1.000000e+00 1.000000e+00 -1.000000e+00
3.02 -1 1 1 -1
1.630000e+00 -1.000000e+00 1.000000e+00 1.000000e+00 -1.000000e+00
1.640000e+00 -1.000000e+00 1.000000e+00 1.000000e+00 -1.000000e+00
3.03 -1 1 1 -1
3.04 -1 1 1 -1
3.05 -1 1 1 -1
1.650000e+00 -1.000000e+00 1.000000e+00 1.000000e+00 -1.000000e+00
3.06 -1 1 1 -1
3.07 -1 1 1 -1
1.660000e+00 -1.000000e+00 1.000000e+00 1.000000e+00 -1.000000e+00
3.08 -1 1 1 -1
3.09 -1 1 1 -1
1.670000e+00 -1.000000e+00 1.000000e+00 1.000000e+00 -1.000000e+00
3.1 -1 1 1 -1
1.680000e+00 -1.000000e+00 1.000000e+00 1.000000e+00 -1.000000e+00
3.11 -1 1 1 -1
1.690000e+00 -1.000000e+00 1.000000e+00 1.000000e+00 -1.000000e+00
3.12 -1 1 1 -1
3.13 -1 1 1 -1
1.700000e+00 -1.000000e+00 1.000000e+00 1.000000e+00 -1.000000e+00
3.14 -1 1 1 -1
3.15 -1 1 1 -1
1.710000e+00 -1.000000e+00 1.000000e+00 1.000000e+00 -1.000000e+00
3.16 -1 1 1 -1
3.17 -1 1 1 -1
3.18 -1 1 1 -1
1.720000e+00 -1.000000e+00 1.000000e+00 1.000000e+00 -1.000000e+00
1.730000e+00 -1.000000e+00 1.000000e+00 1.000000e+00 -1.000000e+00
3.19 -1 1 1 -1
3.2 -1 1 1 -1
3.21 -1 1 1 -1
1.740000e+00 -1.000000e+00 1.000000e+00 1.000000e+00 -1.000000e+00
3.22 -1 1 1 -1
1.750000e+00 -1.000000e+00 1.000000e+00 1.000000e+00 -1.000000e+00
3.23 -1 1 1 -1
3.24 -1 1 1 -1
1.760000e+00 -1.000000e+00 1.000000e+00 1.000000e+00 -1.000000e+00
3.25 -1 1 1 -1
3.26 -1 1 1 -1
1.770000e+00 -1.000000e+00 1.000000e+00 1.000000e+00 -1.000000e+00
3.27 -1 1 1 -1
3.28 -1 1 1 -1
3.29 -1 1 1 -1
1.780000e+00 -1.000000e+00 1.000000e+00 1.000000e+00 -1.000000e+00
3.3 -1 1 1 -1
3.31 -1 1 1 -1
1.790000e+00 -1.000000e+00 1.000000e+00 1.000000e+00 -1.000000e+00
3.32 -1 1 1 -1
1.800000e+00 -1.000000e+00 1.000000e+00 1.000000e+00 -1.000000e+00
3.33 -1 1 1 -1
3.34 -1 1 1 -1
3.35 -1 1 1 -1
1.810000e+00 -1.000000e+00 1.000000e+00 1.000000e+00 -1.000000e+00
3.36 -1 1 1 -1
3.37 -1 1 1 -1
1.820000e+00 -1.000000e+00 1.000000e+00 1.000000e+00 -1.000000e+00
3.38 -1 1 1 -1
3.39 -1 1 1 -1
3.4 -1 1 1 -1
3.41 -1 1 1 -1
1.830000e+00 -1.000000e+00 1.000000e+00 1.000000e+00 -1.000000e+00
1.840000e+00 -1.000000e+00 1.000000e+00 1.000000e+00 -1.000000e+00
3.42 -1 1 1 -1
1.850000e+00 -1.000000e+00 1.000000e+00 1.000000e+00 -1.000000e+00
3.43 -1 1 1 -1
3.44 -1 1 1 -1
1.860000e+00 -1.000000e+00 1.000000e+00 1.000000e+00 -1.000000e+00
3.45 -1 1 1 -1
3.46 -1 1 1 -1
1.870000e+00 -1.000000e+00 1.000000e+00 1.000000e+00 -1.000000e+00
3.47 -1 1 1 -1
3.48 -1 1 1 -1
3.49 -1 1 1 -1
3.5 -1 1 1 -1
3.51 -1 1 1 -1
3.52 -1 1 1 -1
1.880000e+00 -1.000000e+00 1.000000e+00 1.000000e+00 -1.000000e+00
1.890000e+00 -1.000000e+00 1.000000e+00 1.000000e+00 -1.000000e+00
3.53 -1 1 1 -1
3.54 -1 1 1 -1
1.900000e+00 -1.000000e+00 1.000000e+00 1.000000e+00 -1.000000e+00
3.55 -1 1 1 -1
3.56 -1 1 1 -1
1.910000e+00 -1.000000e+00 1.000000e+00 1.000000e+00 -1.000000e+00
3.57 -1 1 1 -1
1.920000e+00 -1.000000e+00 1.000000e+00 1.000000e+00 -1.000000e+00
3.58 -1 1 1 -1
3.59 -1 1 1 -1
1.930000e+00 -1.000000e+00 1.000000e+00 1.000000e+00 -1.000000e+00
3.6 -1 1 1 -1
1.940000e+00 -1.000000e+00 1.000000e+00 1.000000e+00 -1.000000e+00
3.61 -1 1 1 -1
3.62 -1 1 1 -1
1.950000e+00 -1.000000e+00 1.000000e+00 1.000000e+00 -1.000000e+00
3.63 -1 1 1 -1
3.64 -1 1 1 -1
1.960000e+00 -1.000000e+00 1.000000e+00 1.000000e+00 -1.000000e+00
3.65 -1 1 1 -1
3.66 -1 1 1 -1
1.970000e+00 -1.000000e+00 1.000000e+00 1.000000e+00 -1.000000e+00
1.980000e+00 -1.000000e+00 1.000000e+00 1.000000e+00 -1.000000e+00
3.67 -1 1 1 -1
3.68 -1 1 1 -1
3.69 -1 1 1 -1
1.990000e+00 -1.000000e+00 1.000000e+00 1.000000e+00 -1.000000e+00
3.7 -1 1 1 -1
2.000000e+00 -1.000000e+00 1.000000e+00 1.000000e+00 -1.000000e+00
3.71 -1 1 1 -1
3.72 -1 1 1 -1
2.010000e+00 -1.000000e+00 1.000000e+00 1.000000e+00 -1.000000e+00
3.73 -1 1 1 -1
3.74 -1 1 1 -1
2.020000e+00 -1.000000e+00 1.000000e+00 1.000000e+00 -1.000000e+00
3.75 -1 1 1 -1
3.76 -1 1 1 -1
2.030000e+00 -1.000000e+00 1.000000e+00 1.000000e+00 -1.000000e+00
3.77 -1 1 1 -1
3.78 -1 1 1 -1
2.040000e+00 -1.000000e+00 1.000000e+00 1.000000e+00 -1.000000e+00
3.79 -1 1 1 -1
3.8 -1 1 1 -1
3.81 -1 1 1 -1
3.82 -1 1 1 -1
2.050000e+00 -1.000000e+00 1.000000e+00 1.000000e+00 -1.000000e+00
3.83 -1 1 1 -1
3.84 -1 1 1 -1
2.060000e+00 -1.000000e+00 1.000000e+00 1.000000e+00 -1.000000e+00
2.070000e+00 -1.000000e+00 1.000000e+00 1.000000e+00 -1.000000e+00
3.85 -1 1 1 -1
3.86 -1 1 1 -1
2.080000e+00 -1.000000e+00 1.000000e+00 1.000000e+00 -1.000000e+00
3.87 -1 1 1 -1
3.88 -1 1 1 -1
2.090000e+00 -1.000000e+00 1.000000e+00 1.000000e+00 -1.000000e+00
3.89 -1 1 1 -1
3.9 -1 1 1 -1
2.100000e+00 -1.000000e+00 1.000000e+00 1.000000e+00 -1.000000e+00
3.91 -1 1 1 -1
3.92 -1 1 1 -1
3.93 -1 1 1 -1
2.110000e+00 -1.000000e+00 1.000000e+00 1.000000e+00 -1.000000e+00
2.120000e+00 -1.000000e+00 1.000000e+00 1.000000e+00 -1.000000e+00
3.94 -1 1 1 -1
3.95 -1 1 1 -1
3.96 -1 1 1 -1
3.97 -1 1 1 -1
3.98 -1 1 1 -1
2.130000e+00 -1.000000e+00 1.000000e+00 1.000000e+00 -1.000000e+00
2.140000e+00 -1.000000e+00 1.000000e+00 1.000000e+00 -1.000000e+00
3.99 -1 1 1 -1
4 -1 1 1 -1
2.150000e+00 -1.000000e+00 1.000000e+00 1.000000e+00 -1.000000e+00
2.160000e+00 -1.000000e+00 1.000000e+00 1.000000e+00 -1.000000e+00
2.170000e+00 -1.000000e+00 1.000000e+00 1.000000e+00 -1.000000e+00
2.180000e+00 -1.000000e+00 1.000000e+00 1.000000e+00 -1.000000e+00
2.190000e+00 -1.000000e+00 1.000000e+00 1.000000e+00 -1.000000e+00
2.200000e+00 -1.000000e+00 1.000000e+00 1.000000e+00 -1.000000e+00
2.210000e+00 -1.000000e+00 1.000000e+00 1.000000e+00 -1.000000e+00
2.220000e+00 -1.000000e+00 1.000000e+00 1.000000e+00 -1.000000e+00
2.230000e+00 -1.000000e+00 1.000000e+00 1.000000e+00 -1.000000e+00
2.240000e+00 -1.000000e+00 1.000000e+00 1.000000e+00 -1.000000e+00
2.250000e+00 -1.000000e+00 1.000000e+00 1.000000e+00 -1.000000e+00
2.260000e+00 -1.000000e+00 1.000000e+00 1.000000e+00 -1.000000e+00
2.270000e+00 -1.000000e+00 1.000000e+00 1.000000e+00 -1.000000e+00
2.280000e+00 -1.000000e+00 1.000000e+00 1.000000e+00 -1.000000e+00
2.290000e+00 -1.000000e+00 1.000000e+00 1.000000e+00 -1.000000e+00
2.300000e+00 -1.000000e+00 1.000000e+00 1.000000e+00 -1.000000e+00
2.310000e+00 -1.000000e+00 1.000000e+00 1.000000e+00 -1.000000e+00
2.320000e+00 -1.000000e+00 1.000000e+00 1.000000e+00 -1.000000e+00
2.330000e+00 -1.000000e+00 1.000000e+00 1.000000e+00 -1.000000e+00
2.340000e+00 -1.000000e+00 1.000000e+00 1.000000e+00 -1.000000e+00
2.350000e+00 -1.000000e+00 1.000000e+00 1.000000e+00 -1.000000e+00
2.360000e+00 -1.000000e+00 1.000000e+00 1.000000e+00 -1.000000e+00
2.370000e+00 -1.000000e+00 1.000000e+00 1.000000e+00 -1.000000e+00
2.380000e+00 -1.000000e+00 1.000000e+00 1.000000e+00 -1.000000e+00
2.390000e+00 -1.000000e+00 1.000000e+00 1.000000e+00 -1.000000e+00
2.400000e+00 -1.000000e+00 1.000000e+00 1.000000e+00 -1.000000e+00
2.410000e+00 -1.000000e+00 1.000000e+00 1.000000e+00 -1.000000e+00
2.420000e+00 -1.000000e+00 1.000000e+00 1.000000e+00 -1.000000e+00
2.430000e+00 -1.000000e+00 1.000000e+00 1.000000e+00 -1.000000e+00
2.440000e+00 -1.000000e+00 1.000000e+00 1.000000e+00 -1.000000e+00
2.450000e+00 -1.000000e+00 1.000000e+00 1.000000e+00 -1.000000e+00
2.460000e+00 -1.000000e+00 1.000000e+00 1.000000e+00 -1.000000e+00
2.470000e+00 -1.000000e+00 1.000000e+00 1.000000e+00 -1.000000e+00
2.480000e+00 -1.000000e+00 1.000000e+00 1.000000e+00 -1.000000e+00
2.490000e+00 -1.000000e+00 1.000000e+00 1.000000e+00 -1.000000e+00
2.500000e+00 -1.000000e+00 1.000000e+00 1.000000e+00 -1.000000e+00
2.510000e+00 -1.000000e+00 1.000000e+00 1.000000e+00 -1.000000e+00
2.520000e+00 -1.000000e+00 1.000000e+00 1.000000e+00 -1.000000e+00
2.530000e+00 -1.000000e+00 1.000000e+00 1.000000e+00 -1.000000e+00
2.540000e+00 -1.000000e+00 1.000000e+00 1.000000e+00 -1.000000e+00
2.550000e+00 -1.000000e+00 1.000000e+00 1.000000e+00 -1.000000e+00
2.560000e+00 -1.000000e+00 1.000000e+00 1.000000e+00 -1.000000e+00
2.570000e+00 -1.000000e+00 1.000000e+00 1.000000e+00 -1.000000e+00
2.580000e+00 -1.000000e+00 1.000000e+00 1.000000e+00 -1.000000e+00
2.590000e+00 -1.000000e+00 1.000000e+00 1.000000e+00 -1.000000e+00
2.600000e+00 -1.000000e+00 1.000000e+00 1.000000e+00 -1.000000e+00
2.610000e+00 -1.000000e+00 1.000000e+00 1.000000e+00 -1.000000e+00
2.620000e+00 -1.000000e+00 1.000000e+00 1.000000e+00 -1.000000e+00
2.630000e+00 -1.000000e+00 1.000000e+00 1.000000e+00 -1.000000e+00
2.640000e+00 -1.000000e+00 1.000000e+00 1.000000e+00 -1.000000e+00
2.650000e+00 -1.000000e+00 1.000000e+00 1.000000e+00 -1.000000e+00
2.660000e+00 -1.000000e+00 1.000000e+00 1.000000e+00 -1.000000e+00
2.670000e+00 -1.000000e+00 1.000000e+00 1.000000e+00 -1.000000e+00
2.680000e+00 -1.000000e+00 1.000000e+00 1.000000e+00 -1.000000e+00
2.690000e+00 -1.000000e+00 1.000000e+00 1.000000e+00 -1.000000e+00
2.700000e+00 -1.000000e+00 1.000000e+00 1.000000e+00 -1.000000e+00
2.710000e+00 -1.000000e+00 1.000000e+00 1.000000e+00 -1.000000e+00
2.720000e+00 -1.000000e+00 1.000000e+00 1.000000e+00 -1.000000e+00
2.730000e+00 -1.000000e+00 1.000000e+00 1.000000e+00 -1.000000e+00
2.740000e+00 -1.000000e+00 1.000000e+00 1.000000e+00 -1.000000e+00
2.750000e+00 -1.000000e+00 1.000000e+00 1.000000e+00 -1.000000e+00
2.760000e+00 -1.000000e+00 1.000000e+00 1.000000e+00 -1.000000e+00
2.770000e+00 -1.000000e+00 1.000000e+00 1.000000e+00 -1.000000e+00
2.780000e+00 -1.000000e+00 1.000000e+00 1.000000e+00 -1.000000e+00
2.790000e+00 -1.000000e+00 1.000000e+00 1.000000e+00 -1.000000e+00
2.800000e+00 -1.000000e+00 1.000000e+00 1.000000e+00 -1.000000e+00
2.810000e+00 -1.000000e+00 1.000000e+00 1.000000e+00 -1.000000e+00
2.820000e+00 -1.000000e+00 1.000000e+00 1.000000e+00 -1.000000e+00
2.830000e+00 -1.000000e+00 1.000000e+00 1.000000e+00 -1.000000e+00
2.840000e+00 -1.000000e+00 1.000000e+00 1.000000e+00 -1.000000e+00
2.850000e+00 -1.000000e+00 1.000000e+00 1.000000e+00 -1.000000e+00
2.860000e+00 -1.000000e+00 1.000000e+00 1.000000e+00 -1.000000e+00
2.870000e+00 -1.000000e+00 1.000000e+00 1.000000e+00 -1.000000e+00
2.880000e+00 -1.000000e+00 1.000000e+00 1.000000e+00 -1.000000e+00
2.890000e+00 -1.000000e+00 1.000000e+00 1.000000e+00 -1.000000e+00
2.900000e+00 -1.000000e+00 1.000000e+00 1.000000e+00 -1.000000e+00
2.910000e+00 -1.000000e+00 1.000000e+00 1.000000e+00 -1.000000e+00
2.920000e+00 -1.000000e+00 1.000000e+00 1.000000e+00 -1.000000e+00
2.930000e+00 -1.000000e+00 1.000000e+00 1.000000e+00 -1.000000e+00
2.940000e+00 -1.000000e+00 1.000000e+00 1.000000e+00 -1.000000e+00
2.950000e+00 -1.000000e+00 1.000000e+00 1.000000e+00 -1.000000e+00
2.960000e+00 -1.000000e+00 1.000000e+00 1.000000e+00 -1.000000e+00
2.970000e+00 -1.000000e+00 1.000000e+00 1.000000e+00 -1.000000e+00
2.980000e+00 -1.000000e+00 1.000000e+00 1.000000e+00 -1.000000e+00
2.990000e+00 -1.000000e+00 1.000000e+00 1.000000e+00 -1.000000e+00
3.000000e+00 -1.000000e+00 1.000000e+00 1.000000e+00 -1.000000e+00
3.010000e+00 -1.000000e+00 1.000000e+00 1.000000e+00 -1.000000e+00
3.020000e+00 -1.000000e+00 1.000000e+00 1.000000e+00 -1.000000e+00
3.030000e+00 -1.000000e+00 1.000000e+00 1.000000e+00 -1.000000e+00
3.040000e+00 -1.000000e+00 1.000000e+00 1.000000e+00 -1.000000e+00
3.050000e+00 -1.000000e+00 1.000000e+00 1.000000e+00 -1.000000e+00
3.060000e+00 -1.000000e+00 1.000000e+00 1.000000e+00 -1.000000e+00
3.070000e+00 -1.000000e+00 1.000000e+00 1.000000e+00 -1.000000e+00
3.080000e+00 -1.000000e+00 1.000000e+00 1.000000e+00 -1.000000e+00
3.090000e+00 -1.000000e+00 1.000000e+00 1.000000e+00 -1.000000e+00
3.100000e+00 -1.000000e+00 1.000000e+00 1.000000e+00 -1.000000e+00
3.110000e+00 -1.000000e+00 1.000000e+00 1.000000e+00 -1.000000e+00
3.120000e+00 -1.000000e+00 1.000000e+00 1.000000e+00 -1.000000e+00
3.130000e+00 -1.000000e+00 1.000000e+00 1.000000e+00 -1.000000e+00
3.140000e+00 -1.000000e+00 1.000000e+00 1.000000e+00 -1.000000e+00
3.150000e+00 -1.000000e+00 1.000000e+00 1.000000e+00 -1.000000e+00
3.160000e+00 -1.000000e+00 1.000000e+00 1.000000e+00 -1.000000e+00
3.170000e+00 -1.000000e+00 1.000000e+00 1.000000e+00 -1.000000e+00
3.180000e+00 -1.000000e+00 1.000000e+00 1.000000e+00 -1.000000e+00
3.190000e+00 -1.000000e+00 1.000000e+00 1.000000e+00 -1.000000e+00
3.200000e+00 -1.000000e+00 1.000000e+00 1.000000e+00 -1.000000e+00
3.210000e+00 -1.000000e+00 1.000000e+00 1.000000e+00 -1.000000e+00
3.220000e+00 -1.000000e+00 1.000000e+00 1.000000e+00 -1.000000e+00
3.230000e+00 -1.000000e+00 1.000000e+00 1.000000e+00 -1.000000e+00
3.240000e+00 -1.000000e+00 1.000000e+00 1.000000e+00 -1.000000e+00
3.250000e+00 -1.000000e+00 1.000000e+00 1.000000e+00 -1.000000e+00
3.260000e+00 -1.000000e+00 1.000000e+00 1.000000e+00 -1.000000e+00
3.270000e+00 -1.000000e+00 1.000000e+00 1.000000e+00 -1.000000e+00
3.280000e+00 -1.000000e+00 1.000000e+00 1.000000e+00 -1.000000e+00
3.290000e+00 -1.000000e+00 1.000000e+00 1.000000e+00 -1.000000e+00
3.300000e+00 -1.000000e+00 1.000000e+00 1.000000e+00 -1.000000e+00
3.310000e+00 -1.000000e+00 1.000000e+00 1.000000e+00 -1.000000e+00
3.320000e+00 -1.000000e+00 1.000000e+00 1.000000e+00 -1.000000e+00
3.330000e+00 -1.000000e+00 1.000000e+00 1.000000e+00 -1.000000e+00
3.340000e+00 -1.000000e+00 1.000000e+00 1.000000e+00 -1.000000e+00
3.350000e+00 -1.000000e+00 1.000000e+00 1.000000e+00 -1.000000e+00
3.360000e+00 -1.000000e+00 1.000000e+00 1.000000e+00 -1.000000e+00
3.370000e+00 -1.000000e+00 1.000000e+00 1.000000e+00 -1.000000e+00
3.380000e+00 -1.000000e+00 1.000000e+00 1.000000e+00 -1.000000e+00
3.390000e+00 -1.000000e+00 1.000000e+00 1.000000e+00 -1.000000e+00
3.400000e+00 -1.000000e+00 1.000000e+00 1.000000e+00 -1.000000e+00
3.410000e+00 -1.000000e+00 1.000000e+00 1.000000e+00 -1.000000e+00
3.420000e+00 -1.000000e+00 1.000000e+00 1.000000e+00 -1.000000e+00
3.430000e+00 -1.000000e+00 1.000000e+00 1.000000e+00 -1.000000e+00
3.440000e+00 -1.000000e+00 1.000000e+00 1.000000e+00 -1.000000e+00
3.450000e+00 -1.000000e+00 1.000000e+00 1.000000e+00 -1.000000e+00
3.460000e+00 -1.000000e+00 1.000000e+00 1.000000e+00 -1.000000e+00
3.470000e+00 -1.000000e+00 1.000000e+00 1.000000e+00 -1.000000e+00
3.480000e+00 -1.000000e+00 1.000000e+00 1.000000e+00 -1.000000e+00
3.490000e+00 -1.000000e+00 1.000000e+00 1.000000e+00 -1.000000e+00
3.500000e+00 -1.000000e+00 1.000000e+00 1.000000e+00 -1.000000e+00
3.510000e+00 -1.000000e+00 1.000000e+00 1.000000e+00 -1.000000e+00
3.520000e+00 -1.000000e+00 1.000000e+00 1.000000e+00 -1.000000e+00
3.530000e+00 -1.000000e+00 1.000000e+00 1.000000e+00 -1.000000e+00
3.540000e+00 -1.000000e+00 1.000000e+00 1.000000e+00 -1.000000e+00
3.550000e+00 -1.000000e+00 1.000000e+00 1.000000e+00 -1.000000e+00
3.560000e+00 -1.000000e+00 1.000000e+00 1.000000e+00 -1.000000e+00
3.570000e+00 -1.000000e+00 1.000000e+00 1.000000e+00 -1.000000e+00
3.580000e+00 -1.000000e+00 1.000000e+00 1.000000e+00 -1.000000e+00
3.590000e+00 -1.000000e+00 1.000000e+00 1.000000e+00 -1.000000e+00
3.600000e+00 -1.000000e+00 1.000000e+00 1.000000e+00 -1.000000e+00
3.610000e+00 -1.000000e+00 1.000000e+00 1.000000e+00 -1.000000e+00
3.620000e+00 -1.000000e+00 1.000000e+00 1.000000e+00 -1.000000e+00
3.630000e+00 -1.000000e+00 1.000000e+00 1.000000e+00 -1.000000e+00
3.640000e+00 -1.000000e+00 1.000000e+00 1.000000e+00 -1.000000e+00
3.650000e+00 -1.000000e+00 1.000000e+00 1.000000e+00 -1.000000e+00
3.660000e+00 -1.000000e+00 1.000000e+00 1.000000e+00 -1.000000e+00
3.670000e+00 -1.000000e+00 1.000000e+00 1.000000e+00 -1.000000e+00
3.680000e+00 -1.000000e+00 1.000000e+00 1.000000e+00 -1.000000e+00
3.690000e+00 -1.000000e+00 1.000000e+00 1.000000e+00 -1.000000e+00
3.700000e+00 -1.000000e+00 1.000000e+00 1.000000e+00 -1.000000e+00
3.710000e+00 -1.000000e+00 1.000000e+00 1.000000e+00 -1.000000e+00
3.720000e+00 -1.000000e+00 1.000000e+00 1.000000e+00 -1.000000e+00
3.730000e+00 -1.000000e+00 1.000000e+00 1.000000e+00 -1.000000e+00
3.740000e+00 -1.000000e+00 1.000000e+00 1.000000e+00 -1.000000e+00
3.750000e+00 -1.000000e+00 1.000000e+00 1.000000e+00 -1.000000e+00
3.760000e+00 -1.000000e+00 1.000000e+00 1.000000e+00 -1.000000e+00
3.770000e+00 -1.000000e+00 1.000000e+00 1.000000e+00 -1.000000e+00
3.780000e+00 -1.000000e+00 1.000000e+00 1.000000e+00 -1.000000e+00
3.790000e+00 -1.000000e+00 1.000000e+00 1.000000e+00 -1.000000e+00
3.800000e+00 -1.000000e+00 1.000000e+00 1.000000e+00 -1.000000e+00
3.810000e+00 -1.000000e+00 1.000000e+00 1.000000e+00 -1.000000e+00
3.820000e+00 -1.000000e+00 1.000000e+00 1.000000e+00 -1.000000e+00
3.830000e+00 -1.000000e+00 1.000000e+00 1.000000e+00 -1.000000e+00
3.840000e+00 -1.000000e+00 1.000000e+00 1.000000e+00 -1.000000e+00
3.850000e+00 -1.000000e+00 1.000000e+00 1.000000e+00 -1.000000e+00
3.860000e+00 -1.000000e+00 1.000000e+00 1.000000e+00 -1.000000e+00
3.870000e+00 -1.000000e+00 1.000000e+00 1.000000e+00 -1.000000e+00
3.880000e+00 -1.000000e+00 1.000000e+00 1.000000e+00 -1.000000e+00
3.890000e+00 -1.000000e+00 1.000000e+00 1.000000e+00 -1.000000e+00
3.900000e+00 -1.000000e+00 1.000000e+00 1.000000e+00 -1.000000e+00
3.910000e+00 -1.000000e+00 1.000000e+00 1.000000e+00 -1.000000e+00
3.920000e+00 -1.000000e+00 1.000000e+00 1.000000e+00 -1.000000e+00
3.930000e+00 -1.000000e+00 1.000000e+00 1.000000e+00 -1.000000e+00
3.940000e+00 -1.000000e+00 1.000000e+00 1.000000e+00 -1.000000e+00
3.950000e+00 -1.000000e+00 1.000000e+00 1.000000e+00 -1.000000e+00
3.960000e+00 -1.000000e+00 1.000000e+00 1.000000e+00 -1.000000e+00
3.970000e+00 -1.000000e+00 1.000000e+00 1.000000e+00 -1.000000e+00
3.980000e+00 -1.000000e+00 1.000000e+00 1.000000e+00 -1.000000e+00
3.990000e+00 -1.000000e+00 1.000000e+00 1.000000e+00 -1.000000e+00
4.000000e+00 -1.000000e+00 1.000000e+00 1.000000e+00 -1.000000e+00
