0.01 -18242.8 18242.8 18242.8 -18242.8
0.02 -20725.1 20725.1 20725.1 -20725.1
0.03 -23416.3 23416.3 23416.3 -23416.3
0.04 -26288.2 26288.2 26288.2 -26288.2
1.000000e-02 -1.824278e+04 1.824278e+04 1.824278e+04 -1.824278e+04
2.000000e-02 -2.072509e+04 2.072509e+04 2.072509e+04 -2.072509e+04
3.000000e-02 -2.341629e+04 2.341629e+04 2.341629e+04 -2.341629e+04
0.05 -29293.2 29293.2 29293.2 -29293.2
4.000000e-02 -2.628822e+04 2.628822e+04 2.628822e+04 -2.628822e+04
5.000000e-02 -2.929321e+04 2.929321e+04 2.929321e+04 -2.929321e+04
0.06 -32359.5 32359.5 32359.5 -32359.5
6.000000e-02 -3.235953e+04 3.235953e+04 3.235953e+04 -3.235953e+04
0.07 -35387.2 35387.2 35387.2 -35387.2
7.000000e-02 -3.538718e+04 3.538718e+04 3.538718e+04 -3.538718e+04
0.08 -38244.8 38244.8 38244.8 -38244.8
8.000000e-02 -3.824480e+04 3.824480e+04 3.824480e+04 -3.824480e+04
9.000000e-02 -4.076883e+04 4.076883e+04 4.076883e+04 -4.076883e+04
0.09 -40768.8 40768.8 40768.8 -40768.8
0.1 -42766.1 42766.1 42766.1 -42766.1
0.11 -44021.1 44021.1 44021.1 -44021.1
1.000000e-01 -4.276606e+04 4.276606e+04 4.276606e+04 -4.276606e+04
0.12 -44309.8 44309.8 44309.8 -44309.8
1.100000e-01 -4.402112e+04 4.402112e+04 4.402112e+04 -4.402112e+04
0.13 -43418.7 43418.7 43418.7 -43418.7
1.200000e-01 -4.430979e+04 4.430979e+04 4.430979e+04 -4.430979e+04
1.300000e-01 -4.341869e+04 4.341869e+04 4.341869e+04 -4.341869e+04
1.400000e-01 -4.117036e+04 4.117036e+04 4.117036e+04 -4.117036e+04
0.14 -41170.4 41170.4 41170.4 -41170.4
0.15 -37451.4 37451.4 37451.4 -37451.4
0.16 -32239.6 32239.6 32239.6 -32239.6
1.500000e-01 -3.745141e+04 3.745141e+04 3.745141e+04 -3.745141e+04
1.600000e-01 -3.223962e+04 3.223962e+04 3.223962e+04 -3.223962e+04
0.17 -25624.6 25624.6 25624.6 -25624.6
0.18 -17816.3 17816.3 17816.3 -17816.3
1.700000e-01 -2.562458e+04 2.562458e+04 2.562458e+04 -2.562458e+04
0.19 -9137.78 9137.78 9137.78 -9137.78
1.800000e-01 -1.781630e+04 1.781630e+04 1.781630e+04 -1.781630e+04
0.2 2.55795e-11 -2.55795e-11 -2.55795e-11 2.55795e-11
1.900000e-01 -9.137783e+03 9.137783e+03 9.137783e+03 -9.137783e+03
0.21 9137.78 -9137.78 -9137.78 9137.78
0.22 17816.3 -17816.3 -17816.3 17816.3
2.000000e-01 2.557954e-11 -2.557954e-11 -2.557954e-11 2.557954e-11
2.100000e-01 9.137783e+03 -9.137783e+03 -9.137783e+03 9.137783e+03
0.23 25624.6 -25624.6 -25624.6 25624.6
0.24 32239.6 -32239.6 -32239.6 32239.6
2.200000e-01 1.781630e+04 -1.781630e+04 -1.781630e+04 1.781630e+04
0.25 37451.4 -37451.4 -37451.4 37451.4
2.300000e-01 2.562458e+04 -2.562458e+04 -2.562458e+04 2.562458e+04
0.26 41170.4 -41170.4 -41170.4 41170.4
2.400000e-01 3.223962e+04 -3.223962e+04 -3.223962e+04 3.223962e+04
0.27 43418.7 -43418.7 -43418.7 43418.7
2.500000e-01 3.745141e+04 -3.745141e+04 -3.745141e+04 3.745141e+04
0.28 44309.8 -44309.8 -44309.8 44309.8
0.29 44021.1 -44021.1 -44021.1 44021.1
2.600000e-01 4.117036e+04 -4.117036e+04 -4.117036e+04 4.117036e+04
2.700000e-01 4.341869e+04 -4.341869e+04 -4.341869e+04 4.341869e+04
0.3 42766.1 -42766.1 -42766.1 42766.1
2.800000e-01 4.430979e+04 -4.430979e+04 -4.430979e+04 4.430979e+04
0.31 40768.8 -40768.8 -40768.8 40768.8
2.900000e-01 4.402112e+04 -4.402112e+04 -4.402112e+04 4.402112e+04
0.32 38244.8 -38244.8 -38244.8 38244.8
0.33 35387.2 -35387.2 -35387.2 35387.2
3.000000e-01 4.276606e+04 -4.276606e+04 -4.276606e+04 4.276606e+04
0.34 32359.5 -32359.5 -32359.5 32359.5
3.100000e-01 4.076883e+04 -4.076883e+04 -4.076883e+04 4.076883e+04
0.35 29293.2 -29293.2 -29293.2 29293.2
3.200000e-01 3.824480e+04 -3.824480e+04 -3.824480e+04 3.824480e+04
0.36 26288.2 -26288.2 -26288.2 26288.2
0.37 23416.3 -23416.3 -23416.3 23416.3
3.300000e-01 3.538718e+04 -3.538718e+04 -3.538718e+04 3.538718e+04
3.400000e-01 3.235953e+04 -3.235953e+04 -3.235953e+04 3.235953e+04
0.38 20725.1 -20725.1 -20725.1 20725.1
3.500000e-01 2.929321e+04 -2.929321e+04 -2.929321e+04 2.929321e+04
0.39 18242.8 -18242.8 -18242.8 18242.8
0.4 15982.4 -15982.4 -15982.4 15982.4
3.600000e-01 2.628822e+04 -2.628822e+04 -2.628822e+04 2.628822e+04
0.41 13945.7 -13945.7 -13945.7 13945.7
3.700000e-01 2.341629e+04 -2.341629e+04 -2.341629e+04 2.341629e+04
0.42 12126.7 -12126.7 -12126.7 12126.7
0.43 10513.8 -10513.8 -10513.8 10513.8
0.44 9092.4 -9092.4 -9092.4 9092.4
0.45 7846.2 -7846.2 -7846.2 7846.2
3.800000e-01 2.072509e+04 -2.072509e+04 -2.072509e+04 2.072509e+04
3.900000e-01 1.824278e+04 -1.824278e+04 -1.824278e+04 1.824278e+04
4.000000e-01 1.598240e+04 -1.598240e+04 -1.598240e+04 1.598240e+04
4.100000e-01 1.394574e+04 -1.394574e+04 -1.394574e+04 1.394574e+04
0.46 6758.31 -6758.31 -6758.31 6758.31
0.47 5812.08 -5812.08 -5812.08 5812.08
0.48 4991.6 -4991.6 -4991.6 4991.6
4.200000e-01 1.212668e+04 -1.212668e+04 -1.212668e+04 1.212668e+04
0.49 4282.02 -4282.02 -4282.02 4282.02
0.5 3669.71 -3669.71 -3669.71 3669.71
4.300000e-01 1.051378e+04 -1.051378e+04 -1.051378e+04 1.051378e+04
4.400000e-01 9.092397e+03 -9.092397e+03 -9.092397e+03 9.092397e+03
0.51 3142.32 -3142.32 -3142.32 3142.32
0.52 2688.8 -2688.8 -2688.8 2688.8
4.500000e-01 7.846196e+03 -7.846196e+03 -7.846196e+03 7.846196e+03
0.53 2299.34 -2299.34 -2299.34 2299.34
0.54 1965.26 -1965.26 -1965.26 1965.26
0.55 1678.98 -1678.98 -1678.98 1678.98
4.600000e-01 6.758307e+03 -6.758307e+03 -6.758307e+03 6.758307e+03
4.700000e-01 5.812079e+03 -5.812079e+03 -5.812079e+03 5.812079e+03
0.56 1433.86 -1433.86 -1433.86 1433.86
0.57 1224.13 -1224.13 -1224.13 1224.13
0.58 1044.79 -1044.79 -1044.79 1044.79
4.800000e-01 4.991602e+03 -4.991602e+03 -4.991602e+03 4.991602e+03
0.59 891.516 -891.516 -891.516 891.516
4.900000e-01 4.282022e+03 -4.282022e+03 -4.282022e+03 4.282022e+03
0.6 760.576 -760.576 -760.576 760.576
5.000000e-01 3.669708e+03 -3.669708e+03 -3.669708e+03 3.669708e+03
0.61 648.757 -648.757 -648.757 648.757
5.100000e-01 3.142319e+03 -3.142319e+03 -3.142319e+03 3.142319e+03
0.62 553.297 -553.297 -553.297 553.297
5.200000e-01 2.688801e+03 -2.688801e+03 -2.688801e+03 2.688801e+03
0.63 471.825 -471.825 -471.825 471.825
0.64 402.307 -402.307 -402.307 402.307
0.65 343.001 -343.001 -343.001 343.001
0.66 292.415 -292.415 -292.415 292.415
5.300000e-01 2.299335e+03 -2.299335e+03 -2.299335e+03 2.299335e+03
0.67 249.274 -249.274 -249.274 249.274
5.400000e-01 1.965261e+03 -1.965261e+03 -1.965261e+03 1.965261e+03
0.68 212.485 -212.485 -212.485 212.485
5.500000e-01 1.678980e+03 -1.678980e+03 -1.678980e+03 1.678980e+03
0.69 181.117 -181.117 -181.117 181.117
5.600000e-01 1.433859e+03 -1.433859e+03 -1.433859e+03 1.433859e+03
0.7 154.374 -154.374 -154.374 154.374
0.71 131.575 -131.575 -131.575 131.575
5.700000e-01 1.224130e+03 -1.224130e+03 -1.224130e+03 1.224130e+03
5.800000e-01 1.044791e+03 -1.044791e+03 -1.044791e+03 1.044791e+03
0.72 112.14 -112.14 -112.14 112.14
5.900000e-01 8.915163e+02 -8.915163e+02 -8.915163e+02 8.915163e+02
0.73 95.5729 -95.5729 -95.5729 95.5729
0.74 81.4518 -81.4518 -81.4518 81.4518
6.000000e-01 7.605759e+02 -7.605759e+02 -7.605759e+02 7.605759e+02
0.75 69.4159 -69.4159 -69.4159 69.4159
6.100000e-01 6.487568e+02 -6.487568e+02 -6.487568e+02 6.487568e+02
0.76 59.1576 -59.1576 -59.1576 59.1576
6.200000e-01 5.532969e+02 -5.532969e+02 -5.532969e+02 5.532969e+02
0.77 50.4146 -50.4146 -50.4146 50.4146
0.78 42.9633 -42.9633 -42.9633 42.9633
6.300000e-01 4.718249e+02 -4.718249e+02 -4.718249e+02 4.718249e+02
0.79 36.6129 -36.6129 -36.6129 36.6129
6.400000e-01 4.023071e+02 -4.023071e+02 -4.023071e+02 4.023071e+02
0.8 31.2009 -31.2009 -31.2009 31.2009
0.81 26.5888 -26.5888 -26.5888 26.5888
6.500000e-01 3.430011e+02 -3.430011e+02 -3.430011e+02 3.430011e+02
0.82 22.6582 -22.6582 -22.6582 22.6582
6.600000e-01 2.924153e+02 -2.924153e+02 -2.924153e+02 2.924153e+02
0.83 19.3086 -19.3086 -19.3086 19.3086
0.84 16.4541 -16.4541 -16.4541 16.4541
6.700000e-01 2.492736e+02 -2.492736e+02 -2.492736e+02 2.492736e+02
0.85 14.0216 -14.0216 -14.0216 14.0216
6.800000e-01 2.124851e+02 -2.124851e+02 -2.124851e+02 2.124851e+02
0.86 11.9486 -11.9486 -11.9486 11.9486
6.900000e-01 1.811173e+02 -1.811173e+02 -1.811173e+02 1.811173e+02
0.87 10.1821 -10.1821 -10.1821 10.1821
7.000000e-01 1.543739e+02 -1.543739e+02 -1.543739e+02 1.543739e+02
7.100000e-01 1.315749e+02 -1.315749e+02 -1.315749e+02 1.315749e+02
0.88 8.67672 -8.67672 -8.67672 8.67672
0.89 7.3939 -7.3939 -7.3939 7.3939
7.200000e-01 1.121397e+02 -1.121397e+02 -1.121397e+02 1.121397e+02
0.9 6.30072 -6.30072 -6.30072 6.30072
7.300000e-01 9.557288e+01 -9.557288e+01 -9.557288e+01 9.557288e+01
0.91 5.36917 -5.36917 -5.36917 5.36917
0.92 4.57533 -4.57533 -4.57533 4.57533
7.400000e-01 8.145184e+01 -8.145184e+01 -8.145184e+01 8.145184e+01
0.93 3.89887 -3.89887 -3.89887 3.89887
0.94 3.32241 -3.32241 -3.32241 3.32241
7.500000e-01 6.941594e+01 -6.941594e+01 -6.941594e+01 6.941594e+01
0.95 2.83118 -2.83118 -2.83118 2.83118
7.600000e-01 5.915763e+01 -5.915763e+01 -5.915763e+01 5.915763e+01
7.700000e-01 5.041464e+01 -5.041464e+01 -5.041464e+01 5.041464e+01
0.96 2.41258 -2.41258 -2.41258 2.41258
0.97 2.05587 -2.05587 -2.05587 2.05587
7.800000e-01 4.296330e+01 -4.296330e+01 -4.296330e+01 4.296330e+01
0.98 1.75191 -1.75191 -1.75191 1.75191
0.99 1.49288 -1.49288 -1.49288 1.49288
7.900000e-01 3.661293e+01 -3.661293e+01 -3.661293e+01 3.661293e+01
1 1.27215 -1.27215 -1.27215 1.27215
8.000000e-01 3.120095e+01 -3.120095e+01 -3.120095e+01 3.120095e+01
1.01 1.08406 -1.08406 -1.08406 1.08406
1.02 0.923773 -0.923773 -0.923773 0.923773
1.03 0.787189 -0.787189 -0.787189 0.787189
1.04 0.670799 -0.670799 -0.670799 0.670799
1.05 0.571617 -0.571617 -0.571617 0.571617
8.100000e-01 2.658876e+01 -2.658876e+01 -2.658876e+01 2.658876e+01
8.200000e-01 2.265822e+01 -2.265822e+01 -2.265822e+01 2.265822e+01
8.300000e-01 1.930862e+01 -1.930862e+01 -1.930862e+01 1.930862e+01
8.400000e-01 1.645413e+01 -1.645413e+01 -1.645413e+01 1.645413e+01
1.06 0.4871 -0.4871 -0.4871 0.4871
8.500000e-01 1.402158e+01 -1.402158e+01 -1.402158e+01 1.402158e+01
1.07 0.41508 -0.41508 -0.41508 0.41508
1.08 0.353708 -0.353708 -0.353708 0.353708
8.600000e-01 1.194862e+01 -1.194862e+01 -1.194862e+01 1.194862e+01
8.700000e-01 1.018210e+01 -1.018210e+01 -1.018210e+01 1.018210e+01
1.09 0.30141 -0.30141 -0.30141 0.30141
1.1 0.256845 -0.256845 -0.256845 0.256845
8.800000e-01 8.676724e+00 -8.676724e+00 -8.676724e+00 8.676724e+00
1.11 0.218869 -0.218869 -0.218869 0.218869
8.900000e-01 7.393899e+00 -7.393899e+00 -7.393899e+00 7.393899e+00
1.12 0.186508 -0.186508 -0.186508 0.186508
9.000000e-01 6.300725e+00 -6.300725e+00 -6.300725e+00 6.300725e+00
1.13 0.158931 -0.158931 -0.158931 0.158931
1.14 0.135433 -0.135433 -0.135433 0.135433
9.100000e-01 5.369167e+00 -5.369167e+00 -5.369167e+00 5.369167e+00
1.15 0.115408 -0.115408 -0.115408 0.115408
9.200000e-01 4.575334e+00 -4.575334e+00 -4.575334e+00 4.575334e+00
1.16 0.0983442 -0.0983442 -0.0983442 0.0983442
9.300000e-01 3.898865e+00 -3.898865e+00 -3.898865e+00 3.898865e+00
1.17 0.0838034 -0.0838034 -0.0838034 0.0838034
9.400000e-01 3.322410e+00 -3.322410e+00 -3.322410e+00 3.322410e+00
1.18 0.0714126 -0.0714126 -0.0714126 0.0714126
9.500000e-01 2.831183e+00 -2.831183e+00 -2.831183e+00 2.831183e+00
1.19 0.0608538 -0.0608538 -0.0608538 0.0608538
9.600000e-01 2.412584e+00 -2.412584e+00 -2.412584e+00 2.412584e+00
1.2 0.0518562 -0.0518562 -0.0518562 0.0518562
1.21 0.0441889 -0.0441889 -0.0441889 0.0441889
9.700000e-01 2.055875e+00 -2.055875e+00 -2.055875e+00 2.055875e+00
9.800000e-01 1.751906e+00 -1.751906e+00 -1.751906e+00 1.751906e+00
1.22 0.0376553 -0.0376553 -0.0376553 0.0376553
1.23 0.0320878 -0.0320878 -0.0320878 0.0320878
9.900000e-01 1.492879e+00 -1.492879e+00 -1.492879e+00 1.492879e+00
1.24 0.0273434 -0.0273434 -0.0273434 0.0273434
1.25 0.0233005 -0.0233005 -0.0233005 0.0233005
1.000000e+00 1.272150e+00 -1.272150e+00 -1.272150e+00 1.272150e+00
1.26 0.0198554 -0.0198554 -0.0198554 0.0198554
1.010000e+00 1.084056e+00 -1.084056e+00 -1.084056e+00 1.084056e+00
1.27 0.0169196 -0.0169196 -0.0169196 0.0169196
1.020000e+00 9.237733e-01 -9.237733e-01 -9.237733e-01 9.237733e-01
1.28 0.014418 -0.014418 -0.014418 0.014418
1.29 0.0122862 -0.0122862 -0.0122862 0.0122862
1.3 0.0104696 -0.0104696 -0.0104696 0.0104696
1.030000e+00 7.871886e-01 -7.871886e-01 -7.871886e-01 7.871886e-01
1.31 0.00892159 -0.00892159 -0.00892159 0.00892159
1.32 0.00760248 -0.00760248 -0.00760248 0.00760248
1.040000e+00 6.707985e-01 -6.707985e-01 -6.707985e-01 6.707985e-01
1.33 0.00647841 -0.00647841 -0.00647841 0.00647841
1.050000e+00 5.716173e-01 -5.716173e-01 -5.716173e-01 5.716173e-01
1.34 0.00552053 -0.00552053 -0.00552053 0.00552053
1.060000e+00 4.871005e-01 -4.871005e-01 -4.871005e-01 4.871005e-01
1.35 0.00470429 -0.00470429 -0.00470429 0.00470429
1.36 0.00400873 -0.00400873 -0.00400873 0.00400873
1.37 0.00341601 -0.00341601 -0.00341601 0.00341601
1.070000e+00 4.150799e-01 -4.150799e-01 -4.150799e-01 4.150799e-01
1.080000e+00 3.537080e-01 -3.537080e-01 -3.537080e-01 3.537080e-01
1.38 0.00291094 -0.00291094 -0.00291094 0.00291094
1.39 0.00248054 -0.00248054 -0.00248054 0.00248054
1.4 0.00211377 -0.00211377 -0.00211377 0.00211377
1.090000e+00 3.014102e-01 -3.014102e-01 -3.014102e-01 3.014102e-01
1.41 0.00180124 -0.00180124 -0.00180124 0.00180124
1.100000e+00 2.568449e-01 -2.568449e-01 -2.568449e-01 2.568449e-01
1.42 0.00153491 -0.00153491 -0.00153491 0.00153491
1.110000e+00 2.188689e-01 -2.188689e-01 -2.188689e-01 2.188689e-01
1.43 0.00130797 -0.00130797 -0.00130797 0.00130797
1.44 0.00111458 -0.00111458 -0.00111458 0.00111458
1.45 0.00094978 -0.00094978 -0.00094978 0.00094978
1.120000e+00 1.865078e-01 -1.865078e-01 -1.865078e-01 1.865078e-01
1.46 0.000809349 -0.000809349 -0.000809349 0.000809349
1.130000e+00 1.589315e-01 -1.589315e-01 -1.589315e-01 1.589315e-01
1.47 0.000689682 -0.000689682 -0.000689682 0.000689682
1.48 0.000587708 -0.000587708 -0.000587708 0.000587708
1.140000e+00 1.354325e-01 -1.354325e-01 -1.354325e-01 1.354325e-01
1.49 0.000500812 -0.000500812 -0.000500812 0.000500812
1.5 0.000426763 -0.000426763 -0.000426763 0.000426763
1.150000e+00 1.154080e-01 -1.154080e-01 -1.154080e-01 1.154080e-01
1.160000e+00 9.834422e-02 -9.834422e-02 -9.834422e-02 9.834422e-02
1.51 0.000363664 -0.000363664 -0.000363664 0.000363664
1.52 0.000309894 -0.000309894 -0.000309894 0.000309894
1.53 0.000264074 -0.000264074 -0.000264074 0.000264074
1.170000e+00 8.380343e-02 -8.380343e-02 -8.380343e-02 8.380343e-02
1.54 0.000225029 -0.000225029 -0.000225029 0.000225029
1.180000e+00 7.141258e-02 -7.141258e-02 -7.141258e-02 7.141258e-02
1.55 0.000191757 -0.000191757 -0.000191757 0.000191757
1.56 0.000163405 -0.000163405 -0.000163405 0.000163405
1.190000e+00 6.085379e-02 -6.085379e-02 -6.085379e-02 6.085379e-02
1.57 0.000139244 -0.000139244 -0.000139244 0.000139244
1.200000e+00 5.185619e-02 -5.185619e-02 -5.185619e-02 5.185619e-02
1.58 0.000118656 -0.000118656 -0.000118656 0.000118656
1.59 0.000101112 -0.000101112 -0.000101112 0.000101112
1.210000e+00 4.418893e-02 -4.418893e-02 -4.418893e-02 4.418893e-02
1.6 8.61621e-05 -8.61621e-05 -8.61621e-05 8.61621e-05
1.220000e+00 3.765532e-02 -3.765532e-02 -3.765532e-02 3.765532e-02
1.61 7.34225e-05 -7.34225e-05 -7.34225e-05 7.34225e-05
1.62 6.25665e-05 -6.25665e-05 -6.25665e-05 6.25665e-05
1.230000e+00 3.208775e-02 -3.208775e-02 -3.208775e-02 3.208775e-02
1.63 5.33157e-05 -5.33157e-05 -5.33157e-05 5.33157e-05
1.64 4.54326e-05 -4.54326e-05 -4.54326e-05 4.54326e-05
1.240000e+00 2.734338e-02 -2.734338e-02 -2.734338e-02 2.734338e-02
1.65 3.87151e-05 -3.87151e-05 -3.87151e-05 3.87151e-05
1.66 3.29909e-05 -3.29909e-05 -3.29909e-05 3.29909e-05
1.250000e+00 2.330049e-02 -2.330049e-02 -2.330049e-02 2.330049e-02
1.67 2.81129e-05 -2.81129e-05 -2.81129e-05 2.81129e-05
1.260000e+00 1.985537e-02 -1.985537e-02 -1.985537e-02 1.985537e-02
1.68 2.39563e-05 -2.39563e-05 -2.39563e-05 2.39563e-05
1.69 2.04142e-05 -2.04142e-05 -2.04142e-05 2.04142e-05
1.270000e+00 1.691963e-02 -1.691963e-02 -1.691963e-02 1.691963e-02
1.280000e+00 1.441796e-02 -1.441796e-02 -1.441796e-02 1.441796e-02
1.290000e+00 1.228617e-02 -1.228617e-02 -1.228617e-02 1.228617e-02
1.300000e+00 1.046959e-02 -1.046959e-02 -1.046959e-02 1.046959e-02
1.310000e+00 8.921594e-03 -8.921594e-03 -8.921594e-03 8.921594e-03
1.320000e+00 7.602481e-03 -7.602481e-03 -7.602481e-03 7.602481e-03
1.330000e+00 6.478407e-03 -6.478407e-03 -6.478407e-03 6.478407e-03
1.340000e+00 5.520534e-03 -5.520534e-03 -5.520534e-03 5.520534e-03
1.350000e+00 4.704289e-03 -4.704289e-03 -4.704289e-03 4.704289e-03
1.360000e+00 4.008731e-03 -4.008731e-03 -4.008731e-03 4.008731e-03
1.370000e+00 3.416015e-03 -3.416015e-03 -3.416015e-03 3.416015e-03
1.380000e+00 2.910936e-03 -2.910936e-03 -2.910936e-03 2.910936e-03
1.390000e+00 2.480536e-03 -2.480536e-03 -2.480536e-03 2.480536e-03
1.400000e+00 2.113773e-03 -2.113773e-03 -2.113773e-03 2.113773e-03
1.410000e+00 1.801239e-03 -1.801239e-03 -1.801239e-03 1.801239e-03
1.7 1.73958e-05 -1.73958e-05 -1.73958e-05 1.73958e-05
1.71 1.48238e-05 -1.48238e-05 -1.48238e-05 1.48238e-05
1.72 1.2632e-05 -1.2632e-05 -1.2632e-05 1.2632e-05
1.73 1.07643e-05 -1.07643e-05 -1.07643e-05 1.07643e-05
1.74 9.17269e-06 -9.17269e-06 -9.17269e-06 9.17269e-06
1.75 7.81644e-06 -7.81644e-06 -7.81644e-06 7.81644e-06
1.76 6.66073e-06 -6.66073e-06 -6.66073e-06 6.66073e-06
1.77 5.67589e-06 -5.67589e-06 -5.67589e-06 5.67589e-06
1.78 4.83668e-06 -4.83668e-06 -4.83668e-06 4.83668e-06
1.79 4.12155e-06 -4.12155e-06 -4.12155e-06 4.12155e-06
1.8 3.51215e-06 -3.51215e-06 -3.51215e-06 3.51215e-06
1.81 2.99286e-06 -2.99286e-06 -2.99286e-06 2.99286e-06
1.82 2.55036e-06 -2.55036e-06 -2.55036e-06 2.55036e-06
1.83 2.17326e-06 -2.17326e-06 -2.17326e-06 2.17326e-06
1.84 1.85193e-06 -1.85193e-06 -1.85193e-06 1.85193e-06
1.85 1.5781e-06 -1.5781e-06 -1.5781e-06 1.5781e-06
1.86 1.34477e-06 -1.34477e-06 -1.34477e-06 1.34477e-06
1.87 1.14594e-06 -1.14594e-06 -1.14594e-06 1.14594e-06
1.88 9.76499e-07 -9.76499e-07 -9.76499e-07 9.76499e-07
1.89 8.32128e-07 -8.32128e-07 -8.32128e-07 8.32128e-07
1.9 7.0909e-07 -7.0909e-07 -7.0909e-07 7.0909e-07
1.91 6.0424e-07 -6.0424e-07 -6.0424e-07 6.0424e-07
1.92 5.14916e-07 -5.14916e-07 -5.14916e-07 5.14916e-07
1.93 4.38766e-07 -4.38766e-07 -4.38766e-07 4.38766e-07
1.420000e+00 1.534914e-03 -1.534914e-03 -1.534914e-03 1.534914e-03
1.430000e+00 1.307968e-03 -1.307968e-03 -1.307968e-03 1.307968e-03
1.440000e+00 1.114577e-03 -1.114577e-03 -1.114577e-03 1.114577e-03
1.450000e+00 9.497796e-04 -9.497796e-04 -9.497796e-04 9.497796e-04
1.460000e+00 8.093488e-04 -8.093488e-04 -8.093488e-04 8.093488e-04
1.94 3.73896e-07 -3.73896e-07 -3.73896e-07 3.73896e-07
1.95 3.18619e-07 -3.18619e-07 -3.18619e-07 3.18619e-07
1.470000e+00 6.896815e-04 -6.896815e-04 -6.896815e-04 6.896815e-04
1.96 2.71501e-07 -2.71501e-07 -2.71501e-07 2.71501e-07
1.97 2.31367e-07 -2.31367e-07 -2.31367e-07 2.31367e-07
1.480000e+00 5.877078e-04 -5.877078e-04 -5.877078e-04 5.877078e-04
1.98 1.97142e-07 -1.97142e-07 -1.97142e-07 1.97142e-07
1.490000e+00 5.008116e-04 -5.008116e-04 -5.008116e-04 5.008116e-04
1.99 1.68006e-07 -1.68006e-07 -1.68006e-07 1.68006e-07
1.500000e+00 4.267635e-04 -4.267635e-04 -4.267635e-04 4.267635e-04
2 1.43169e-07 -1.43169e-07 -1.43169e-07 1.43169e-07
2.01 1.21989e-07 -1.21989e-07 -1.21989e-07 1.21989e-07
1.510000e+00 3.636638e-04 -3.636638e-04 -3.636638e-04 3.636638e-04
2.02 1.03955e-07 -1.03955e-07 -1.03955e-07 1.03955e-07
1.520000e+00 3.098939e-04 -3.098939e-04 -3.098939e-04 3.098939e-04
2.03 8.85819e-08 -8.85819e-08 -8.85819e-08 8.85819e-08
1.530000e+00 2.640742e-04 -2.640742e-04 -2.640742e-04 2.640742e-04
2.04 7.54852e-08 -7.54852e-08 -7.54852e-08 7.54852e-08
2.05 6.43325e-08 -6.43325e-08 -6.43325e-08 6.43325e-08
1.540000e+00 2.250292e-04 -2.250292e-04 -2.250292e-04 2.250292e-04
2.06 5.4817e-08 -5.4817e-08 -5.4817e-08 5.4817e-08
2.07 4.67082e-08 -4.67082e-08 -4.67082e-08 4.67082e-08
1.550000e+00 1.917572e-04 -1.917572e-04 -1.917572e-04 1.917572e-04
2.08 3.98018e-08 -3.98018e-08 -3.98018e-08 3.98018e-08
2.09 3.39185e-08 -3.39185e-08 -3.39185e-08 3.39185e-08
1.560000e+00 1.634047e-04 -1.634047e-04 -1.634047e-04 1.634047e-04
2.1 2.89049e-08 -2.89049e-08 -2.89049e-08 2.89049e-08
1.570000e+00 1.392443e-04 -1.392443e-04 -1.392443e-04 1.392443e-04
2.11 2.46331e-08 -2.46331e-08 -2.46331e-08 2.46331e-08
2.12 2.10008e-08 -2.10008e-08 -2.10008e-08 2.10008e-08
2.13 1.78801e-08 -1.78801e-08 -1.78801e-08 1.78801e-08
1.580000e+00 1.186562e-04 -1.186562e-04 -1.186562e-04 1.186562e-04
1.590000e+00 1.011121e-04 -1.011121e-04 -1.011121e-04 1.011121e-04
2.14 1.52454e-08 -1.52454e-08 -1.52454e-08 1.52454e-08
2.15 1.29944e-08 -1.29944e-08 -1.29944e-08 1.29944e-08
1.600000e+00 8.616207e-05 -8.616207e-05 -8.616207e-05 8.616207e-05
2.16 1.10759e-08 -1.10759e-08 -1.10759e-08 1.10759e-08
1.610000e+00 7.342246e-05 -7.342246e-05 -7.342246e-05 7.342246e-05
2.17 9.43885e-09 -9.43885e-09 -9.43885e-09 9.43885e-09
2.18 8.03198e-09 -8.03198e-09 -8.03198e-09 8.03198e-09
1.620000e+00 6.256650e-05 -6.256650e-05 -6.256650e-05 6.256650e-05
2.19 6.85532e-09 -6.85532e-09 -6.85532e-09 6.85532e-09
1.630000e+00 5.331566e-05 -5.331566e-05 -5.331566e-05 5.331566e-05
2.2 5.83213e-09 -5.83213e-09 -5.83213e-09 5.83213e-09
2.21 4.96243e-09 -4.96243e-09 -4.96243e-09 4.96243e-09
1.640000e+00 4.543261e-05 -4.543261e-05 -4.543261e-05 4.543261e-05
2.22 4.2462e-09 -4.2462e-09 -4.2462e-09 4.2462e-09
2.23 3.60671e-09 -3.60671e-09 -3.60671e-09 3.60671e-09
1.650000e+00 3.871512e-05 -3.871512e-05 -3.871512e-05 3.871512e-05
2.24 3.06954e-09 -3.06954e-09 -3.06954e-09 3.06954e-09
2.25 2.63469e-09 -2.63469e-09 -2.63469e-09 2.63469e-09
1.660000e+00 3.299085e-05 -3.299085e-05 -3.299085e-05 3.299085e-05
2.26 2.22542e-09 -2.22542e-09 -2.22542e-09 2.22542e-09
1.670000e+00 2.811294e-05 -2.811294e-05 -2.811294e-05 2.811294e-05
2.27 1.89289e-09 -1.89289e-09 -1.89289e-09 1.89289e-09
1.680000e+00 2.395626e-05 -2.395626e-05 -2.395626e-05 2.395626e-05
1.690000e+00 2.041419e-05 -2.041419e-05 -2.041419e-05 2.041419e-05
2.28 1.61151e-09 -1.61151e-09 -1.61151e-09 1.61151e-09
2.29 1.3813e-09 -1.3813e-09 -1.3813e-09 1.3813e-09
1.700000e+00 1.739583e-05 -1.739583e-05 -1.739583e-05 1.739583e-05
2.3 1.17666e-09 -1.17666e-09 -1.17666e-09 1.17666e-09
1.710000e+00 1.482375e-05 -1.482375e-05 -1.482375e-05 1.482375e-05
2.31 9.97602e-10 -9.97602e-10 -9.97602e-10 9.97602e-10
2.32 8.44125e-10 -8.44125e-10 -8.44125e-10 8.44125e-10
1.720000e+00 1.263197e-05 -1.263197e-05 -1.263197e-05 1.263197e-05
2.33 7.41807e-10 -7.41807e-10 -7.41807e-10 7.41807e-10
1.730000e+00 1.076425e-05 -1.076425e-05 -1.076425e-05 1.076425e-05
2.34 6.13909e-10 -6.13909e-10 -6.13909e-10 6.13909e-10
2.35 5.3717e-10 -5.3717e-10 -5.3717e-10 5.3717e-10
1.740000e+00 9.172695e-06 -9.172695e-06 -9.172695e-06 9.172695e-06
2.36 4.60432e-10 -4.60432e-10 -4.60432e-10 4.60432e-10
1.750000e+00 7.816442e-06 -7.816442e-06 -7.816442e-06 7.816442e-06
2.37 3.83693e-10 -3.83693e-10 -3.83693e-10 3.83693e-10
2.38 3.32534e-10 -3.32534e-10 -3.32534e-10 3.32534e-10
1.760000e+00 6.660733e-06 -6.660733e-06 -6.660733e-06 6.660733e-06
2.39 2.81375e-10 -2.81375e-10 -2.81375e-10 2.81375e-10
2.4 2.30216e-10 -2.30216e-10 -2.30216e-10 2.30216e-10
1.770000e+00 5.675895e-06 -5.675895e-06 -5.675895e-06 5.675895e-06
2.41 2.04636e-10 -2.04636e-10 -2.04636e-10 2.04636e-10
1.780000e+00 4.836681e-06 -4.836681e-06 -4.836681e-06 4.836681e-06
2.42 1.79057e-10 -1.79057e-10 -1.79057e-10 1.79057e-10
2.43 1.53477e-10 -1.53477e-10 -1.53477e-10 1.53477e-10
1.790000e+00 4.121554e-06 -4.121554e-06 -4.121554e-06 4.121554e-06
2.44 1.27898e-10 -1.27898e-10 -1.27898e-10 1.27898e-10
2.45 1.02318e-10 -1.02318e-10 -1.02318e-10 1.02318e-10
1.800000e+00 3.512147e-06 -3.512147e-06 -3.512147e-06 3.512147e-06
2.46 1.02318e-10 -1.02318e-10 -1.02318e-10 1.02318e-10
2.47 7.67386e-11 -7.67386e-11 -7.67386e-11 7.67386e-11
1.810000e+00 2.992857e-06 -2.992857e-06 -2.992857e-06 2.992857e-06
1.820000e+00 2.550357e-06 -2.550357e-06 -2.550357e-06 2.550357e-06
2.48 7.67386e-11 -7.67386e-11 -7.67386e-11 7.67386e-11
2.49 5.11591e-11 -5.11591e-11 -5.11591e-11 5.11591e-11
1.830000e+00 2.173263e-06 -2.173263e-06 -2.173263e-06 2.173263e-06
2.5 5.11591e-11 -5.11591e-11 -5.11591e-11 5.11591e-11
2.51 5.11591e-11 -5.11591e-11 -5.11591e-11 5.11591e-11
2.52 2.55795e-11 -2.55795e-11 -2.55795e-11 2.55795e-11
1.840000e+00 1.851933e-06 -1.851933e-06 -1.851933e-06 1.851933e-06
1.850000e+00 1.578104e-06 -1.578104e-06 -1.578104e-06 1.578104e-06
2.53 2.55795e-11 -2.55795e-11 -2.55795e-11 2.55795e-11
2.54 2.55795e-11 -2.55795e-11 -2.55795e-11 2.55795e-11
2.55 2.55795e-11 -2.55795e-11 -2.55795e-11 2.55795e-11
1.860000e+00 1.344767e-06 -1.344767e-06 -1.344767e-06 1.344767e-06
2.56 2.55795e-11 -2.55795e-11 -2.55795e-11 2.55795e-11
1.870000e+00 1.145938e-06 -1.145938e-06 -1.145938e-06 1.145938e-06
2.57 2.55795e-11 -2.55795e-11 -2.55795e-11 2.55795e-11
1.880000e+00 9.764989e-07 -9.764989e-07 -9.764989e-07 9.764989e-07
2.58 2.55795e-11 -2.55795e-11 -2.55795e-11 2.55795e-11
2.59 0 -0 -0 0
1.890000e+00 8.321280e-07 -8.321280e-07 -8.321280e-07 8.321280e-07
2.6 0 -0 -0 0
2.61 0 -0 -0 0
1.900000e+00 7.090904e-07 -7.090904e-07 -7.090904e-07 7.090904e-07
2.62 0 -0 -0 0
1.910000e+00 6.042399e-07 -6.042399e-07 -6.042399e-07 6.042399e-07
2.63 0 -0 -0 0
2.64 0 -0 -0 0
1.920000e+00 5.149161e-07 -5.149161e-07 -5.149161e-07 5.149161e-07
2.65 0 -0 -0 0
1.930000e+00 4.387658e-07 -4.387658e-07 -4.387658e-07 4.387658e-07
2.66 0 -0 -0 0
1.940000e+00 3.738961e-07 -3.738961e-07 -3.738961e-07 3.738961e-07
2.67 0 -0 -0 0
2.68 0 -0 -0 0
2.69 0 -0 -0 0
1.950000e+00 3.186187e-07 -3.186187e-07 -3.186187e-07 3.186187e-07
2.7 0 -0 -0 0
1.960000e+00 2.715012e-07 -2.715012e-07 -2.715012e-07 2.715012e-07
2.71 0 -0 -0 0
2.72 0 -0 -0 0
1.970000e+00 2.313669e-07 -2.313669e-07 -2.313669e-07 2.313669e-07
2.73 0 -0 -0 0
1.980000e+00 1.971415e-07 -1.971415e-07 -1.971415e-07 1.971415e-07
2.74 0 -0 -0 0
2.75 0 -0 -0 0
2.76 0 -0 -0 0
1.990000e+00 1.680064e-07 -1.680064e-07 -1.680064e-07 1.680064e-07
2.77 0 -0 -0 0
2.000000e+00 1.431687e-07 -1.431687e-07 -1.431687e-07 1.431687e-07
2.78 0 -0 -0 0
2.79 0 -0 -0 0
2.010000e+00 1.219888e-07 -1.219888e-07 -1.219888e-07 1.219888e-07
2.8 0 -0 -0 0
2.81 0 -0 -0 0
2.020000e+00 1.039552e-07 -1.039552e-07 -1.039552e-07 1.039552e-07
2.82 0 -0 -0 0
2.83 0 -0 -0 0
2.030000e+00 8.858194e-08 -8.858194e-08 -8.858194e-08 8.858194e-08
2.84 0 -0 -0 0
2.85 0 -0 -0 0
2.040000e+00 7.548522e-08 -7.548522e-08 -7.548522e-08 7.548522e-08
2.86 0 -0 -0 0
2.050000e+00 6.433254e-08 -6.433254e-08 -6.433254e-08 6.433254e-08
2.87 0 -0 -0 0
2.88 0 -0 -0 0
2.060000e+00 5.481695e-08 -5.481695e-08 -5.481695e-08 5.481695e-08
2.89 0 -0 -0 0
2.070000e+00 4.670824e-08 -4.670824e-08 -4.670824e-08 4.670824e-08
2.9 0 -0 -0 0
2.91 0 -0 -0 0
2.080000e+00 3.980176e-08 -3.980176e-08 -3.980176e-08 3.980176e-08
2.92 0 -0 -0 0
2.93 0 -0 -0 0
2.94 0 -0 -0 0
2.090000e+00 3.391847e-08 -3.391847e-08 -3.391847e-08 3.391847e-08
2.95 0 -0 -0 0
2.100000e+00 2.890488e-08 -2.890488e-08 -2.890488e-08 2.890488e-08
2.96 0 -0 -0 0
2.110000e+00 2.463310e-08 -2.463310e-08 -2.463310e-08 2.463310e-08
2.97 0 -0 -0 0
2.98 0 -0 -0 0
2.120000e+00 2.100080e-08 -2.100080e-08 -2.100080e-08 2.100080e-08
2.99 0 -0 -0 0
2.130000e+00 1.788010e-08 -1.788010e-08 -1.788010e-08 1.788010e-08
3 0 -0 -0 0
3.01 0 -0 -0 0
3.02 0 -0 -0 0
2.140000e+00 1.524540e-08 -1.524540e-08 -1.524540e-08 1.524540e-08
3.03 0 -0 -0 0
3.04 0 -0 -0 0
2.150000e+00 1.299441e-08 -1.299441e-08 -1.299441e-08 1.299441e-08
3.05 0 -0 -0 0
3.06 0 -0 -0 0
2.160000e+00 1.107594e-08 -1.107594e-08 -1.107594e-08 1.107594e-08
3.07 0 -0 -0 0
2.170000e+00 9.438850e-09 -9.438850e-09 -9.438850e-09 9.438850e-09
3.08 0 -0 -0 0
3.09 0 -0 -0 0
3.1 0 -0 -0 0
2.180000e+00 8.031975e-09 -8.031975e-09 -8.031975e-09 8.031975e-09
3.11 0 -0 -0 0
3.12 0 -0 -0 0
2.190000e+00 6.855316e-09 -6.855316e-09 -6.855316e-09 6.855316e-09
3.13 0 -0 -0 0
3.14 0 -0 -0 0
2.200000e+00 5.832135e-09 -5.832135e-09 -5.832135e-09 5.832135e-09
3.15 0 -0 -0 0
2.210000e+00 4.962430e-09 -4.962430e-09 -4.962430e-09 4.962430e-09
3.16 0 -0 -0 0
3.17 0 -0 -0 0
3.18 0 -0 -0 0
2.220000e+00 4.246203e-09 -4.246203e-09 -4.246203e-09 4.246203e-09
3.19 0 -0 -0 0
2.230000e+00 3.606715e-09 -3.606715e-09 -3.606715e-09 3.606715e-09
3.2 0 -0 -0 0
3.21 0 -0 -0 0
2.240000e+00 3.069545e-09 -3.069545e-09 -3.069545e-09 3.069545e-09
3.22 0 -0 -0 0
3.23 0 -0 -0 0
2.250000e+00 2.634692e-09 -2.634692e-09 -2.634692e-09 2.634692e-09
3.24 0 -0 -0 0
3.25 0 -0 -0 0
2.260000e+00 2.225420e-09 -2.225420e-09 -2.225420e-09 2.225420e-09
3.26 0 -0 -0 0
3.27 0 -0 -0 0
3.28 0 -0 -0 0
2.270000e+00 1.892886e-09 -1.892886e-09 -1.892886e-09 1.892886e-09
3.29 0 -0 -0 0
2.280000e+00 1.611511e-09 -1.611511e-09 -1.611511e-09 1.611511e-09
3.3 0 -0 -0 0
3.31 0 -0 -0 0
2.290000e+00 1.381295e-09 -1.381295e-09 -1.381295e-09 1.381295e-09
3.32 0 -0 -0 0
3.33 0 -0 -0 0
2.300000e+00 1.176659e-09 -1.176659e-09 -1.176659e-09 1.176659e-09
3.34 0 -0 -0 0
3.35 0 -0 -0 0
3.36 0 -0 -0 0
2.310000e+00 9.976020e-10 -9.976020e-10 -9.976020e-10 9.976020e-10
3.37 0 -0 -0 0
3.38 0 -0 -0 0
2.320000e+00 8.441248e-10 -8.441248e-10 -8.441248e-10 8.441248e-10
3.39 0 -0 -0 0
2.330000e+00 7.418066e-10 -7.418066e-10 -7.418066e-10 7.418066e-10
3.4 0 -0 -0 0
3.41 0 -0 -0 0
3.42 0 -0 -0 0
2.340000e+00 6.139089e-10 -6.139089e-10 -6.139089e-10 6.139089e-10
3.43 0 -0 -0 0
2.350000e+00 5.371703e-10 -5.371703e-10 -5.371703e-10 5.371703e-10
3.44 0 -0 -0 0
3.45 0 -0 -0 0
2.360000e+00 4.604317e-10 -4.604317e-10 -4.604317e-10 4.604317e-10
3.46 0 -0 -0 0
2.370000e+00 3.836931e-10 -3.836931e-10 -3.836931e-10 3.836931e-10
3.47 0 -0 -0 0
3.48 0 -0 -0 0
3.49 0 -0 -0 0
2.380000e+00 3.325340e-10 -3.325340e-10 -3.325340e-10 3.325340e-10
3.5 0 -0 -0 0
3.51 0 -0 -0 0
2.390000e+00 2.813749e-10 -2.813749e-10 -2.813749e-10 2.813749e-10
2.400000e+00 2.302158e-10 -2.302158e-10 -2.302158e-10 2.302158e-10
3.52 0 -0 -0 0
3.53 0 -0 -0 0
3.54 0 -0 -0 0
2.410000e+00 2.046363e-10 -2.046363e-10 -2.046363e-10 2.046363e-10
3.55 0 -0 -0 0
3.56 0 -0 -0 0
2.420000e+00 1.790568e-10 -1.790568e-10 -1.790568e-10 1.790568e-10
3.57 0 -0 -0 0
3.58 0 -0 -0 0
3.59 0 -0 -0 0
2.430000e+00 1.534772e-10 -1.534772e-10 -1.534772e-10 1.534772e-10
3.6 0 -0 -0 0
2.440000e+00 1.278977e-10 -1.278977e-10 -1.278977e-10 1.278977e-10
3.61 0 -0 -0 0
3.62 0 -0 -0 0
3.63 0 -0 -0 0
2.450000e+00 1.023182e-10 -1.023182e-10 -1.023182e-10 1.023182e-10
3.64 0 -0 -0 0
3.65 0 -0 -0 0
2.460000e+00 1.023182e-10 -1.023182e-10 -1.023182e-10 1.023182e-10
3.66 0 -0 -0 0
2.470000e+00 7.673862e-11 -7.673862e-11 -7.673862e-11 7.673862e-11
3.67 0 -0 -0 0
3.68 0 -0 -0 0
3.69 0 -0 -0 0
2.480000e+00 7.673862e-11 -7.673862e-11 -7.673862e-11 7.673862e-11
3.7 0 -0 -0 0
2.490000e+00 5.115908e-11 -5.115908e-11 -5.115908e-11 5.115908e-11
3.71 0 -0 -0 0
3.72 0 -0 -0 0
2.500000e+00 5.115908e-11 -5.115908e-11 -5.115908e-11 5.115908e-11
3.73 0 -0 -0 0
3.74 0 -0 -0 0
3.75 0 -0 -0 0
2.510000e+00 5.115908e-11 -5.115908e-11 -5.115908e-11 5.115908e-11
2.520000e+00 2.557954e-11 -2.557954e-11 -2.557954e-11 2.557954e-11
2.530000e+00 2.557954e-11 -2.557954e-11 -2.557954e-11 2.557954e-11
2.540000e+00 2.557954e-11 -2.557954e-11 -2.557954e-11 2.557954e-11
2.550000e+00 2.557954e-11 -2.557954e-11 -2.557954e-11 2.557954e-11
2.560000e+00 2.557954e-11 -2.557954e-11 -2.557954e-11 2.557954e-11
3.76 0 -0 -0 0
3.77 0 -0 -0 0
3.78 0 -0 -0 0
3.79 0 -0 -0 0
3.8 0 -0 -0 0
3.81 0 -0 -0 0
3.82 0 -0 -0 0
2.570000e+00 2.557954e-11 -2.557954e-11 -2.557954e-11 2.557954e-11
3.83 0 -0 -0 0
2.580000e+00 2.557954e-11 -2.557954e-11 -2.557954e-11 2.557954e-11
3.84 0 -0 -0 0
3.85 0 -0 -0 0
2.590000e+00 0.000000e+00 -0.000000e+00 -0.000000e+00 0.000000e+00
3.86 0 -0 -0 0
2.600000e+00 0.000000e+00 -0.000000e+00 -0.000000e+00 0.000000e+00
3.87 0 -0 -0 0
3.88 0 -0 -0 0
3.89 0 -0 -0 0
2.610000e+00 0.000000e+00 -0.000000e+00 -0.000000e+00 0.000000e+00
2.620000e+00 0.000000e+00 -0.000000e+00 -0.000000e+00 0.000000e+00
3.9 0 -0 -0 0
3.91 0 -0 -0 0
3.92 0 -0 -0 0
2.630000e+00 0.000000e+00 -0.000000e+00 -0.000000e+00 0.000000e+00
3.93 0 -0 -0 0
2.640000e+00 0.000000e+00 -0.000000e+00 -0.000000e+00 0.000000e+00
3.94 0 -0 -0 0
3.95 0 -0 -0 0
3.96 0 -0 -0 0
2.650000e+00 0.000000e+00 -0.000000e+00 -0.000000e+00 0.000000e+00
3.97 0 -0 -0 0
2.660000e+00 0.000000e+00 -0.000000e+00 -0.000000e+00 0.000000e+00
3.98 0 -0 -0 0
3.99 0 -0 -0 0
4 0 -0 -0 0
2.670000e+00 0.000000e+00 -0.000000e+00 -0.000000e+00 0.000000e+00
2.680000e+00 0.000000e+00 -0.000000e+00 -0.000000e+00 0.000000e+00
2.690000e+00 0.000000e+00 -0.000000e+00 -0.000000e+00 0.000000e+00
2.700000e+00 0.000000e+00 -0.000000e+00 -0.000000e+00 0.000000e+00
2.710000e+00 0.000000e+00 -0.000000e+00 -0.000000e+00 0.000000e+00
2.720000e+00 0.000000e+00 -0.000000e+00 -0.000000e+00 0.000000e+00
2.730000e+00 0.000000e+00 -0.000000e+00 -0.000000e+00 0.000000e+00
2.740000e+00 0.000000e+00 -0.000000e+00 -0.000000e+00 0.000000e+00
2.750000e+00 0.000000e+00 -0.000000e+00 -0.000000e+00 0.000000e+00
2.760000e+00 0.000000e+00 -0.000000e+00 -0.000000e+00 0.000000e+00
2.770000e+00 0.000000e+00 -0.000000e+00 -0.000000e+00 0.000000e+00
2.780000e+00 0.000000e+00 -0.000000e+00 -0.000000e+00 0.000000e+00
2.790000e+00 0.000000e+00 -0.000000e+00 -0.000000e+00 0.000000e+00
2.800000e+00 0.000000e+00 -0.000000e+00 -0.000000e+00 0.000000e+00
2.810000e+00 0.000000e+00 -0.000000e+00 -0.000000e+00 0.000000e+00
2.820000e+00 0.000000e+00 -0.000000e+00 -0.000000e+00 0.000000e+00
2.830000e+00 0.000000e+00 -0.000000e+00 -0.000000e+00 0.000000e+00
2.840000e+00 0.000000e+00 -0.000000e+00 -0.000000e+00 0.000000e+00
2.850000e+00 0.000000e+00 -0.000000e+00 -0.000000e+00 0.000000e+00
2.860000e+00 0.000000e+00 -0.000000e+00 -0.000000e+00 0.000000e+00
2.870000e+00 0.000000e+00 -0.000000e+00 -0.000000e+00 0.000000e+00
2.880000e+00 0.000000e+00 -0.000000e+00 -0.000000e+00 0.000000e+00
2.890000e+00 0.000000e+00 -0.000000e+00 -0.000000e+00 0.000000e+00
2.900000e+00 0.000000e+00 -0.000000e+00 -0.000000e+00 0.000000e+00
2.910000e+00 0.000000e+00 -0.000000e+00 -0.000000e+00 0.000000e+00
2.920000e+00 0.000000e+00 -0.000000e+00 -0.000000e+00 0.000000e+00
2.930000e+00 0.000000e+00 -0.000000e+00 -0.000000e+00 0.000000e+00
2.940000e+00 0.000000e+00 -0.000000e+00 -0.000000e+00 0.000000e+00
2.950000e+00 0.000000e+00 -0.000000e+00 -0.000000e+00 0.000000e+00
2.960000e+00 0.000000e+00 -0.000000e+00 -0.000000e+00 0.000000e+00
2.970000e+00 0.000000e+00 -0.000000e+00 -0.000000e+00 0.000000e+00
2.980000e+00 0.000000e+00 -0.000000e+00 -0.000000e+00 0.000000e+00
2.990000e+00 0.000000e+00 -0.000000e+00 -0.000000e+00 0.000000e+00
3.000000e+00 0.000000e+00 -0.000000e+00 -0.000000e+00 0.000000e+00
3.010000e+00 0.000000e+00 -0.000000e+00 -0.000000e+00 0.000000e+00
3.020000e+00 0.000000e+00 -0.000000e+00 -0.000000e+00 0.000000e+00
3.030000e+00 0.000000e+00 -0.000000e+00 -0.000000e+00 0.000000e+00
3.040000e+00 0.000000e+00 -0.000000e+00 -0.000000e+00 0.000000e+00
3.050000e+00 0.000000e+00 -0.000000e+00 -0.000000e+00 0.000000e+00
3.060000e+00 0.000000e+00 -0.000000e+00 -0.000000e+00 0.000000e+00
3.070000e+00 0.000000e+00 -0.000000e+00 -0.000000e+00 0.000000e+00
3.080000e+00 0.000000e+00 -0.000000e+00 -0.000000e+00 0.000000e+00
3.090000e+00 0.000000e+00 -0.000000e+00 -0.000000e+00 0.000000e+00
3.100000e+00 0.000000e+00 -0.000000e+00 -0.000000e+00 0.000000e+00
3.110000e+00 0.000000e+00 -0.000000e+00 -0.000000e+00 0.000000e+00
3.120000e+00 0.000000e+00 -0.000000e+00 -0.000000e+00 0.000000e+00
3.130000e+00 0.000000e+00 -0.000000e+00 -0.000000e+00 0.000000e+00
3.140000e+00 0.000000e+00 -0.000000e+00 -0.000000e+00 0.000000e+00
3.150000e+00 0.000000e+00 -0.000000e+00 -0.000000e+00 0.000000e+00
3.160000e+00 0.000000e+00 -0.000000e+00 -0.000000e+00 0.000000e+00
3.170000e+00 0.000000e+00 -0.000000e+00 -0.000000e+00 0.000000e+00
3.180000e+00 0.000000e+00 -0.000000e+00 -0.000000e+00 0.000000e+00
3.190000e+00 0.000000e+00 -0.000000e+00 -0.000000e+00 0.000000e+00
3.200000e+00 0.000000e+00 -0.000000e+00 -0.000000e+00 0.000000e+00
3.210000e+00 0.000000e+00 -0.000000e+00 -0.000000e+00 0.000000e+00
3.220000e+00 0.000000e+00 -0.000000e+00 -0.000000e+00 0.000000e+00
3.230000e+00 0.000000e+00 -0.000000e+00 -0.000000e+00 0.000000e+00
3.240000e+00 0.000000e+00 -0.000000e+00 -0.000000e+00 0.000000e+00
3.250000e+00 0.000000e+00 -0.000000e+00 -0.000000e+00 0.000000e+00
3.260000e+00 0.000000e+00 -0.000000e+00 -0.000000e+00 0.000000e+00
3.270000e+00 0.000000e+00 -0.000000e+00 -0.000000e+00 0.000000e+00
3.280000e+00 0.000000e+00 -0.000000e+00 -0.000000e+00 0.000000e+00
3.290000e+00 0.000000e+00 -0.000000e+00 -0.000000e+00 0.000000e+00
3.300000e+00 0.000000e+00 -0.000000e+00 -0.000000e+00 0.000000e+00
3.310000e+00 0.000000e+00 -0.000000e+00 -0.000000e+00 0.000000e+00
3.320000e+00 0.000000e+00 -0.000000e+00 -0.000000e+00 0.000000e+00
3.330000e+00 0.000000e+00 -0.000000e+00 -0.000000e+00 0.000000e+00
3.340000e+00 0.000000e+00 -0.000000e+00 -0.000000e+00 0.000000e+00
3.350000e+00 0.000000e+00 -0.000000e+00 -0.000000e+00 0.000000e+00
3.360000e+00 0.000000e+00 -0.000000e+00 -0.000000e+00 0.000000e+00
3.370000e+00 0.000000e+00 -0.000000e+00 -0.000000e+00 0.000000e+00
3.380000e+00 0.000000e+00 -0.000000e+00 -0.000000e+00 0.000000e+00
3.390000e+00 0.000000e+00 -0.000000e+00 -0.000000e+00 0.000000e+00
3.400000e+00 0.000000e+00 -0.000000e+00 -0.000000e+00 0.000000e+00
3.410000e+00 0.000000e+00 -0.000000e+00 -0.000000e+00 0.000000e+00
3.420000e+00 0.000000e+00 -0.000000e+00 -0.000000e+00 0.000000e+00
3.430000e+00 0.000000e+00 -0.000000e+00 -0.000000e+00 0.000000e+00
3.440000e+00 0.000000e+00 -0.000000e+00 -0.000000e+00 0.000000e+00
3.450000e+00 0.000000e+00 -0.000000e+00 -0.000000e+00 0.000000e+00
3.460000e+00 0.000000e+00 -0.000000e+00 -0.000000e+00 0.000000e+00
3.470000e+00 0.000000e+00 -0.000000e+00 -0.000000e+00 0.000000e+00
3.480000e+00 0.000000e+00 -0.000000e+00 -0.000000e+00 0.000000e+00
3.490000e+00 0.000000e+00 -0.000000e+00 -0.000000e+00 0.000000e+00
3.500000e+00 0.000000e+00 -0.000000e+00 -0.000000e+00 0.000000e+00
3.510000e+00 0.000000e+00 -0.000000e+00 -0.000000e+00 0.000000e+00
3.520000e+00 0.000000e+00 -0.000000e+00 -0.000000e+00 0.000000e+00
3.530000e+00 0.000000e+00 -0.000000e+00 -0.000000e+00 0.000000e+00
3.540000e+00 0.000000e+00 -0.000000e+00 -0.000000e+00 0.000000e+00
3.550000e+00 0.000000e+00 -0.000000e+00 -0.000000e+00 0.000000e+00
3.560000e+00 0.000000e+00 -0.000000e+00 -0.000000e+00 0.000000e+00
3.570000e+00 0.000000e+00 -0.000000e+00 -0.000000e+00 0.000000e+00
3.580000e+00 0.000000e+00 -0.000000e+00 -0.000000e+00 0.000000e+00
3.590000e+00 0.000000e+00 -0.000000e+00 -0.000000e+00 0.000000e+00
3.600000e+00 0.000000e+00 -0.000000e+00 -0.000000e+00 0.000000e+00
3.610000e+00 0.000000e+00 -0.000000e+00 -0.000000e+00 0.000000e+00
3.620000e+00 0.000000e+00 -0.000000e+00 -0.000000e+00 0.000000e+00
3.630000e+00 0.000000e+00 -0.000000e+00 -0.000000e+00 0.000000e+00
3.640000e+00 0.000000e+00 -0.000000e+00 -0.000000e+00 0.000000e+00
3.650000e+00 0.000000e+00 -0.000000e+00 -0.000000e+00 0.000000e+00
3.660000e+00 0.000000e+00 -0.000000e+00 -0.000000e+00 0.000000e+00
3.670000e+00 0.000000e+00 -0.000000e+00 -0.000000e+00 0.000000e+00
3.680000e+00 0.000000e+00 -0.000000e+00 -0.000000e+00 0.000000e+00
3.690000e+00 0.000000e+00 -0.000000e+00 -0.000000e+00 0.000000e+00
3.700000e+00 0.000000e+00 -0.000000e+00 -0.000000e+00 0.000000e+00
3.710000e+00 0.000000e+00 -0.000000e+00 -0.000000e+00 0.000000e+00
3.720000e+00 0.000000e+00 -0.000000e+00 -0.000000e+00 0.000000e+00
3.730000e+00 0.000000e+00 -0.000000e+00 -0.000000e+00 0.000000e+00
3.740000e+00 0.000000e+00 -0.000000e+00 -0.000000e+00 0.000000e+00
3.750000e+00 0.000000e+00 -0.000000e+00 -0.000000e+00 0.000000e+00
3.760000e+00 0.000000e+00 -0.000000e+00 -0.000000e+00 0.000000e+00
3.770000e+00 0.000000e+00 -0.000000e+00 -0.000000e+00 0.000000e+00
3.780000e+00 0.000000e+00 -0.000000e+00 -0.000000e+00 0.000000e+00
3.790000e+00 0.000000e+00 -0.000000e+00 -0.000000e+00 0.000000e+00
3.800000e+00 0.000000e+00 -0.000000e+00 -0.000000e+00 0.000000e+00
3.810000e+00 0.000000e+00 -0.000000e+00 -0.000000e+00 0.000000e+00
3.820000e+00 0.000000e+00 -0.000000e+00 -0.000000e+00 0.000000e+00
3.830000e+00 0.000000e+00 -0.000000e+00 -0.000000e+00 0.000000e+00
3.840000e+00 0.000000e+00 -0.000000e+00 -0.000000e+00 0.000000e+00
3.850000e+00 0.000000e+00 -0.000000e+00 -0.000000e+00 0.000000e+00
3.860000e+00 0.000000e+00 -0.000000e+00 -0.000000e+00 0.000000e+00
3.870000e+00 0.000000e+00 -0.000000e+00 -0.000000e+00 0.000000e+00
3.880000e+00 0.000000e+00 -0.000000e+00 -0.000000e+00 0.000000e+00
3.890000e+00 0.000000e+00 -0.000000e+00 -0.000000e+00 0.000000e+00
3.900000e+00 0.000000e+00 -0.000000e+00 -0.000000e+00 0.000000e+00
3.910000e+00 0.000000e+00 -0.000000e+00 -0.000000e+00 0.000000e+00
3.920000e+00 0.000000e+00 -0.000000e+00 -0.000000e+00 0.000000e+00
3.930000e+00 0.000000e+00 -0.000000e+00 -0.000000e+00 0.000000e+00
3.940000e+00 0.000000e+00 -0.000000e+00 -0.000000e+00 0.000000e+00
3.950000e+00 0.000000e+00 -0.000000e+00 -0.000000e+00 0.000000e+00
3.960000e+00 0.000000e+00 -0.000000e+00 -0.000000e+00 0.000000e+00
3.970000e+00 0.000000e+00 -0.000000e+00 -0.000000e+00 0.000000e+00
3.980000e+00 0.000000e+00 -0.000000e+00 -0.000000e+00 0.000000e+00
3.990000e+00 0.000000e+00 -0.000000e+00 -0.000000e+00 0.000000e+00
4.000000e+00 0.000000e+00 -0.000000e+00 -0.000000e+00 0.000000e+00
