1 0.175355051425006
2 -0.0382601185138846
3 -0.0508522577210897
4 0.00919012812249603
5 0.00591648679377615
6 0.0226862290394886
7 0.0120874391982887
8 0.00804032637578842
9 0.00459966433996608
10 0.00450750003236726
11 0.00320955443337846
12 0.00417931132147802
13 0.00508286409609259
14 0.00400392561411495
15 0.00390148643675934
16 0.00537478708849548
17 0.00333132186426781
18 0.00326638185154046
19 0.00621676608541157
20 0.00569595460060555
21 0.00385342306828197
22 0.00768113501597709
23 0.0140940539496032
24 0.0122384051914133
25 0.0113816765342722
26 0.00963598028673537
27 0.012301557909006
28 0.0194223690462255
29 0.0181307317211231
30 0.00649014904298759
31 0.00585178186548306
32 0.0202750135817539
33 0.0205451036686852
34 0.0281828052603349
35 0.682165892263487
36 0.645666096242412
37 0.576245514633385
38 0.44639223401809
39 0.577163148334193
40 0.357441912427144