1 0.175924595293805
2 -0.0360244580647635
3 -0.0458334994835093
4 0.00978067872397557
5 0.0068225128575026
6 0.0228210816329691
7 0.0128055546455308
8 0.00890828007696478
9 0.0056562893981916
10 0.0055050902089117
11 0.00429340007270939
12 0.00525047604346969
13 0.00608606720624501
14 0.00487791333924358
15 0.00477535240631566
16 0.00635350784114875
17 0.00459981035880212
18 0.00455417460986756
19 0.00716648483630128
20 0.00663599043233991
21 0.00498460694458712
22 0.00845339816427791
23 0.01480188848074
24 0.0132693861673664
25 0.01253721976234
26 0.011993769711859
27 0.0135300667722303
28 0.0202689617973977
29 0.0187806607337767
30 0.00751605534842271
31 0.00650312254496938
32 0.0208230246035324
33 0.0215146773292072
34 0.0286164167565577
35 0.682134692416904
36 0.645635290678538
37 0.576280561311447
38 0.446342233600569
39 0.577139677718109
40 0.357409430949432
