1 0.25659326809891
2 -1.75748618040849
3 3.93648703380984
4 -1.17153131324481
5 0.228910490355198
6 0.755176391015406
7 0.552277460175808
8 1.15466085253296
9 0.126439141280836
10 0.385190760172016
11 0.620910333800715
12 0.218796860329346
13 13.1775333198301
14 15.4028004283609
15 13.4281730534782
16 7.83687485696428
17 0.56546649894568
18 2.0814790700196
19 1.19216678572292
20 0.651045126555668
21 1.92174875952356
22 0.535277833863455
23 0.92429017225875
24 2.22513158903601
25 12.0531361923339
26 9.76167996878989
27 7.23075038522913
28 9.29461217894736
29 14.4938450645544
30 8.87817916083515
31 4.68419121423525
32 6.67126917834655
33 14.0793344174993
34 12.10105258814
35 6.24589308271554
36 12.5726703370641
37 11.0121910004358
38 9.01412832474815
39 12.6110273961092
40 15.1707848599008
