1 5.3919437069021
2 0.505336919914752
3 13.1471323821836
4 11.9697636858902
5 8.21873533752359
6 13.1377474672623
7 13.083782185992
8 12.9878424518964
9 12.8577276931051
10 12.6895814704746
11 12.4875344933915
12 12.2450148369251
13 11.6539030437056
14 11.2877947152144
15 10.8870062846149
16 10.4394490925578
17 9.96132461488105
18 9.41906270038228
19 8.84582969872542
20 7.54396757270304
21 6.80406726106495
22 5.99639139776645
23 5.13388249350623
24 4.18023808253162
25 3.1156703426222
26 1.91209975037204
27 0.501527485036207
28 0.508389020571989
29 0.482391010009508
30 0.315670978399372
31 10.5008270391761
32 11.7455725144663
33 12.4991118916207
34 12.9569406271562
35 10.020030855567
36 7.13055737796631
37 11.6436660045539
38 4.3336835340924
39 9.20486290233553
40 12.5844864542304
