1 18.872974276243141 -36.415728003868125 3.5175202786694046
2 18.254101585380479 -42.11587018806118 12.58217767177595
3 28.771258306472479 -61.218291613941012 10.865715518406319
4 30.035060676171724 -54.9964961361365 1.9004573100047817
5 24.62601182164881 -36.681095756358147 -11.665088104949927
6 23.147694532113846 -40.454541864518966 -3.8122073417985352
7 34.362918446657588 -60.763772407693658 -5.0918036819584191
8 35.809810533943789 -54.798507192264509 -13.54659292660804
9 18.095367768794961 -46.900865439653536 17.360313607516723
10 27.47101582963105 -66.421767882870569 16.165230353592662
11 22.752108280697001 -44.055563190668245 -0.6078174983705128
12 32.629275043926199 -66.017610642194285 -0.46102061199065281
13 29.109996025709481 -37.539111610483147 -20.310449728086631
14 26.518602444258125 -40.832629593043016 -11.123044344727374
15 37.889642696308798 -59.874829747663298 -14.862832960674666
16 39.547038075056591 -54.450263978271416 -22.94437230529816
17 26.043232488931785 -44.681684801946965 -8.1840370469060701
18 35.879124560602541 -65.228887233272673 -10.86370269552766
19 11.124946579863876 -22.567522306102177 4.0361004914979537
20 11.172819443315598 -28.297846991045677 11.846659548767178
21 17.105882007229052 -22.809946149545564 -9.2144486166851465
22 17.191318353177664 -28.834806100610361 -2.7223895921296104
23 11.508493130370171 -32.627544963141133 16.252790315557046
24 17.062622465732563 -32.341601825294767 0.27785956529720951
25 21.905306809115157 -23.737739589743715 -17.065200816654475
26 20.703388261982713 -29.574685723602492 -9.1217567929659236
27 20.592225441673254 -33.698248287981812 -6.2257273797605697
28 4.9213067947998521 -11.198522165536998 3.5625392062648129
29 5.3795096294076989 -16.423037523017559 9.8586641868743481
30 10.55499982768591 -11.305684563038659 -6.9667660037609771
31 11.214597627327541 -17.615505664198061 -1.6358467196628783
32 6.1179780112811128 -20.178230638112769 13.605883080249574
33 11.265585302335886 -20.689887553440276 0.93768606392232012
34 15.200442346131107 -12.36463881176177 -13.447388934988728
35 14.515735873925697 -18.519672101100458 -6.8470168365198507
36 14.457994112619215 -21.98898918048793 -4.3463147778161719
37 18.08610655268663 -51.520319267858198 21.373198600625184
38 26.891758135916245 -71.52470514937383 20.515891391223288
39 22.583556059688952 -48.446464843448005 2.2675558451513225
40 31.765324365956232 -71.288808299909306 3.0663095716388415
41 18.267228665800321 -56.082108555612173 25.784965622765906
42 27.031681254096195 -76.6992899376163 25.167637022251185
43 22.612257014750462 -52.593921721208517 5.0275648105206043
44 31.830426760582213 -76.636937053653469 6.6671210151423539
45 25.879844480567854 -49.333519454506316 -6.2412623431230836
46 34.699709321632945 -70.548900216569123 -8.3046469761438022
47 25.882080405027558 -53.635567950175286 -4.5577211466571059
48 34.60755319503356 -76.135526379681664 -5.6379720158352207
49 18.895289300471386 -61.507754157000882 32.058363330631344
50 27.163135698335534 -81.989357393213609 32.004975429396261
51 23.256698896214221 -61.422971495705717 14.504645250456706
52 31.499780464059459 -81.826409622926008 13.741933637730938
53 27.03980337655927 -62.964660625878892 1.7738101027008175
54 34.491614098978822 -81.562738206632957 0.13656273692127172
55 11.95270456112898 -36.722194486139351 19.980377448441338
56 16.970446514344641 -36.137245552753853 3.0110336896145138
57 12.655999740744429 -40.874815123209309 24.257516536653625
58 17.201559552516954 -39.780768038072061 5.5450370852994588
59 20.523389856105389 -38.125867126416011 -4.0939250665480422
60 20.787955605993961 -42.58071538775728 -2.5109920737706166
61 6.8374429592656885 -23.405390533546118 16.788184968556092
62 11.272927785541999 -23.584771791162904 3.199009608399269
63 8.017762066680902 -26.445001498711392 20.584420214393447
64 11.476458164938226 -26.051648979581135 5.3550690040961992
65 14.189726051745025 -25.601181597717439 -1.9648128239850875
66 14.248372076103301 -29.030596432561055 -0.078176235749341114
67 13.861635336388845 -45.286307572806464 29.764202525508345
68 17.64374209971691 -45.499889235063641 14.509960560543057
69 21.640070030744777 -49.434772415409157 4.3136280681722114
70 9.9896582858586243 -29.458338597603586 25.189260638109619
71 12.271865799449005 -28.920306524114892 12.927918911305444
72 15.207705812579862 -33.284986575899914 6.3991415249385559
73 33.318817622813711 -38.449185591195004 -27.774501168518871
74 30.406872713767868 -41.809946281325715 -18.270222033917566
75 41.177799276998591 -60.164210091446783 -23.344508951002492
76 42.866137753848875 -54.841361489046285 -30.904851609915383
77 29.822958393605745 -45.912482577205147 -15.527517774370082
78 38.866250016178789 -65.432194065722527 -19.780715029308823
79 37.767351022079779 -39.369043424998232 -36.145167700701023
80 34.223662025614736 -42.962174780408048 -25.414659582827575
81 44.850764248048101 -61.615965907869736 -32.431250754600427
82 46.700217553186718 -56.017231935822181 -39.76339705955575
83 33.458385772513772 -47.091598108235743 -22.899014128337583
84 42.118881947638521 -66.687068098537964 -29.623985320147774
85 43.685289895569802 -41.160149699510626 -49.410065267189431
86 42.182261969854324 -46.466930632670902 -42.980105344310005
87 50.027064560240404 -62.711993943421447 -47.074659734694443
88 52.031832519694447 -57.377896679773464 -53.533890990400266
89 41.33555128626552 -51.534894524691417 -40.721601149780859
90 47.478180531159651 -67.710978656806162 -44.719861607067337
91 26.482371064430549 -25.006062420899191 -23.891267954561879
92 24.652939768271139 -30.545172942035006 -15.407379803567959
93 24.653517918206184 -35.036662527884936 -12.867745213344755
94 31.339890716437719 -26.662357400009252 -31.86867797147092
95 28.572414805907698 -31.947676694548413 -21.797335271235468
96 29.072452631987677 -36.639410610513643 -19.512720166989475
97 19.468303126174806 -13.749933405418851 -19.129811634893418
98 18.021927113743647 -19.451905658112054 -11.886064586513196
99 18.290036890428567 -23.072519305350045 -9.919503716272752
100 23.755864078942086 -15.855506701554274 -25.972663955464913