1 2.8311646275895885 -17.09146047894853 -14.983142754028032
2 0.30267633899846419 -16.411057780086956 -11.056618637662352
3 12.900000000000002 -14.500000000000002 -18.800000000000001
4 12.900000000000002 -14.500000000000002 -18.800000000000001
5 2.4936190513348175 -19.16287415198823 -15.906362153940135
6 -1.5984906812340394 -19.598996474723887 -10.209336778283628
7 12.900000000000002 -14.500000000000002 -18.800000000000001
8 12.900000000000002 -14.500000000000002 -18.800000000000001
9 -1.5443031515608241 -16.459818748359517 -10.951119268973985
10 12.900000000000002 -14.500000000000002 -18.800000000000001
11 -3.0145946841066782 -19.967280804948775 -9.9826788009115628
12 12.900000000000002 -14.500000000000002 -18.800000000000001
13 2.3657541525552355 -20.400442489689077 -16.146575535343008
14 -1.6830081488757516 -20.8203363508687 -10.739861316661392
15 12.900000000000002 -14.500000000000002 -18.800000000000001
16 12.900000000000002 -14.500000000000002 -18.800000000000001
17 -2.7421328070635811 -21.129030798852693 -10.911195354148644
18 12.900000000000002 -14.500000000000002 -18.800000000000001
19 -4.4290186929791604 -16.233539357954538 -6.3235736878206321
20 -7.1133451744243432 -16.611599207496759 -3.0740063174371599
21 -4.3260555618813807 -18.915626593109955 -8.5334903908101811
22 -7.2109128237600792 -19.496350788866287 -4.8292423387394923
23 -8.807768220883089 -17.136010925916231 -2.7892101749248615
24 -8.2511704478767918 -19.943025407375753 -4.8598383923208166
25 -4.3938317842260313 -20.606505536163731 -9.1548335353166905
26 -6.9823754276981678 -20.740339820399825 -5.8448435711126976
27 -7.5039263731052301 -21.1322243113304 -6.4654987952522154
28 -7.8394245176877106 -12.954027657635455 2.9145829601630417
29 -10.046896438913471 -13.677910155555415 4.3077486521932418
30 -7.3671974845085266 -15.407559869869875 -0.27459534813013886
31 -9.584949018617003 -16.458652903792071 0.015114465686935079
32 -11.319565467592986 -14.38504500040421 4.5695269770501117
33 -10.545064814464153 -17.01467074754159 0.01576366054051067
34 -7.1931496465856171 -17.09665515168318 -1.1775312220885816
35 -9.3302664645264315 -17.818867713929695 -1.0778336777639446
36 -10.091950963044091 -18.483971278671504 -1.6719314501500999
37 -2.9286682226794891 -16.84342781092737 -11.10601979653919
38 12.900000000000002 -14.500000000000002 -18.800000000000001
39 -3.9810544842456372 -20.452048273056224 -10.320120646282207
40 12.900000000000002 -14.500000000000002 -18.800000000000001
41 -4.1503944235247188 -17.330634168091215 -11.604286147551571
42 12.900000000000002 -14.500000000000002 -18.800000000000001
43 -4.8973090231270371 -20.984110084489661 -10.321326098912287
44 12.900000000000002 -14.500000000000002 -18.800000000000001
45 -3.3879127267670817 -21.607404115636115 -11.646008853277904
46 12.900000000000002 -14.500000000000002 -18.800000000000001
47 -3.994438520177138 -22.130842168039116 -11.936065813561447
48 12.900000000000002 -14.500000000000002 -18.800000000000001
49 -6.8392194967423388 -17.870455301785285 -5.6563266369539775
50 12.900000000000002 -14.500000000000002 -18.800000000000001
51 -6.7046338077337397 -21.210427033272026 -4.194040392881262
52 12.900000000000002 -14.500000000000002 -18.800000000000001
53 -5.1875772657069703 -22.569418996220755 -6.7557901819438664
54 12.900000000000002 -14.500000000000002 -18.800000000000001
55 -10.611423499878585 -17.89820476927547 -2.8994662264321476
56 -9.5183923787925799 -20.604704052185216 -5.0557827324364704
57 -13.208829660979612 -19.093509249683112 -2.6580781511909986
58 -11.012543412202255 -21.438618872384545 -5.0185848066613108
59 -8.4144832481948555 -21.876824954361613 -7.3251675888100376
60 -9.5828420900169871 -22.869874858683009 -7.9602708044317083
61 -12.884011362599344 -15.118811964175164 4.9325930595436009
62 -11.834404374539853 -17.615538454078475 0.0069446335302487307
63 -15.153885636068233 -16.174632377184061 5.6865885790618522
64 -13.412964758939101 -18.282460056765458 0.29150563686295805
65 -11.166407970433323 -19.200906262654389 -2.2303523739597382
66 -12.658253285399658 -19.94140019211725 -2.32988440665306
67 -15.794596998650027 -21.373289039160046 0.78751239289069386
68 -13.610829032319101 -23.067635559246806 -0.51700685781180933
69 -11.608208276030556 -24.246433343445847 -3.4530709059665496
70 -17.297711328331943 -18.345645681408204 4.9460139953689097
71 -15.650670591525682 -19.536588826196105 0.6740988047365345
72 -14.707038455286392 -21.654341481436198 -1.5345085247105821
73 2.1969677086802513 -21.54450817072679 -16.607018128008704
74 -1.5169659754343598 -21.867391350753842 -11.447949891367935
75 12.900000000000002 -14.500000000000002 -18.800000000000001
76 12.900000000000002 -14.500000000000002 -18.800000000000001
77 -2.338270857874388 -22.049558484938402 -11.919027644475145
78 12.900000000000002 -14.500000000000002 -18.800000000000001
79 1.9378352826837844 -22.598554402408929 -17.62637417698696
80 -1.335559380722201 -22.923793332504069 -12.033002952644598
81 12.900000000000002 -14.500000000000002 -18.800000000000001
82 12.900000000000002 -14.500000000000002 -18.800000000000001
83 -2.036124477868885 -22.929354395508302 -12.544852935278367
84 12.900000000000002 -14.500000000000002 -18.800000000000001
85 2.1119551425798337 -23.934272765940346 -15.068887502888149
86 0.54085783589689351 -24.702833720027318 -10.4311392595492
87 12.900000000000002 -14.500000000000002 -18.800000000000001
88 12.900000000000002 -14.500000000000002 -18.800000000000001
89 -0.063642149098518938 -24.689592861565142 -11.150476217066117
90 12.900000000000002 -14.500000000000002 -18.800000000000001
91 -4.5078646714473454 -22.311517686930554 -9.75706802420369
92 -6.8091353879782472 -22.12178631052257 -6.6486702914724747
93 -7.0823186845766726 -22.46008136068852 -7.7781096774624023
94 -4.8489431479659242 -24.675871956946178 -10.693315737144296
95 -6.7254675164981368 -23.728735017321576 -7.3910866760000706
96 -6.7890388991487036 -23.981508872591977 -8.724592601441632
97 -7.109896468673873 -18.781563711218212 -1.5369729901231521
98 -9.1354608515079825 -19.247326948136195 -1.7987997542265075
99 -9.6451821576127283 -19.947531913872684 -2.8726562366647865
100 -7.2314138674808781 -21.125891926643639 -2.1870543722851852