1 -5.7345163081624797e-29 -1.3734681766113489e-29 0
2 -0.00023790478059045769 -0.0020807463336523333 0
3 0.00027973660739219545 -0.0020810151282038471 0
4 6.3923519863074934e-29 -1.6300370298619332e-29 0
5 -4.954838029447549e-05 -3.6832706257346797e-05 0
6 -9.2923793713182762e-05 -9.5696224844145404e-05 0
7 -0.00012781616026214977 -0.0001826557821384671 0
8 -0.00015703343192457469 -0.00029148891100279215 0
9 -0.00018077879928182045 -0.00041856347243303258 0
10 -0.00019955302315711673 -0.00056021550478625617 0
11 -0.00021390773056015962 -0.00071320005859953895 0
12 -0.00022440866650483681 -0.00087464911338724319 0
13 -0.00023162519698967471 -0.0010420745108046256 0
14 -0.00023612762987172713 -0.001213368321064074 0
15 -0.00023848653102848718 -0.001386802582566823 0
16 -0.00023927327993540116 -0.0015610310496537046 0
17 -0.00023905786447687549 -0.0017350680160283061 0
18 -0.00023841520846053035 -0.0019084355335756843 0
19 -6.5372102055370119e-05 -0.0020808250812200846 0
20 0.00010728804885112515 -0.0020809133625674233 0
21 0.00027966875623473565 -0.0019088400281933515 0
22 0.00027943489661683932 -0.0017356732532592622 0
23 0.00027844943709824177 -0.0015618244934807238 0
24 0.0002761382903620907 -0.00138778835053575 0
25 0.00027192873407091051 -0.0012145425524092666 0
26 0.00026525092850427387 -0.0010434381071571669 0
27 0.00025553433944935379 -0.00087620218716216692 0
28 0.00024220863504585252 -0.00071494271719316552 0
29 0.00022470460430180128 -0.00056214831920933653 0
30 0.00020245753118160466 -0.00042068887863961843 0
31 0.00017492084695662979 -0.00029381507764273247 0
32 0.00014161440978749742 -0.00018519896615900011 0
33 0.00010240005786979998 -9.8422563204142151e-05 0
34 5.4622745353852402e-05 -3.9272801448746214e-05 0
35 4.1366438173046674e-29 -5.0793514323139131e-31 0
36 -3.0427512992529947e-29 2.9842328397229798e-31 0
37 2.0421156329234602e-06 -1.8304814486635285e-05 0
38 -4.095330414103803e-05 -0.00012774037802460941 0
39 -6.4422220971815797e-05 -0.00034741814815443821 0
40 -7.8692173642989417e-05 -0.0006321500120394037 0
41 0.00014728933513890894 -0.0018214313116774498 0
42 0.00012806905692027638 -0.0014741079622748606 0
43 0.00012308619314825377 -0.0011268760540712108 0
44 0.00011307326358857899 -0.00079130662782892435 0
45 7.0049076689043807e-05 -0.00022864453639088165 0
46 -8.9339601510131329e-05 -0.0016481943686683391 0
47 -8.9201891517250731e-05 -0.0012993939492407496 0
48 9.6089705892537898e-05 -0.00048426006616869452 0
49 -8.6296349322879733e-05 -0.00095610597774913617 0
50 -8.3202697416420398e-05 -0.00079061015954463452 0
51 -8.8215581577644558e-05 -0.0011263397951583451 0
52 8.4354178136863901e-05 -0.00034836058880630924 0
53 -8.9496158226528883e-05 -0.0014737305488937927 0
54 5.2593274739183195e-05 -0.00012888675784115234 0
55 -0.00010632948354611477 -0.001821187079285091 0
56 0.00010557551519044101 -0.0006329267649721411 0
57 0.00013350352429246688 -0.00164846672707643 0
58 0.00011882931780552435 -0.00095672232997109398 0
59 0.00012608550921307029 -0.0012998502600074665 0
60 -7.2518731627486336e-05 -0.00048340217589172834 0
61 -5.4088603079498024e-05 -0.00022760714363594405 0
62 -3.1082003481002472e-05 -5.4281483832376091e-05 0
63 3.8189080036015884e-05 -5.5611996303227432e-05 0
64 2.0746036551851004e-05 -0.0019322976813258982 0
65 6.9245285212083015e-06 -0.00017350059166421731 0
66 9.0043415672550442e-06 -0.0002842132897168426 0
67 2.0262834693033699e-05 -0.0017353173487840016 0
68 1.0908420383710445e-05 -0.00041281806484690738 0
69 1.9658018619788908e-05 -0.0015610905351839391 0
70 1.8896276769269761e-05 -0.0013865355852495504 0
71 1.7971372484974354e-05 -0.0012126061613350659 0
72 1.2646527599384388e-05 -0.00055580698084666588 0
73 1.6883848291179963e-05 -0.001040651239309577 0
74 1.5633865293237115e-05 -0.0008723981759227818 0
75 1.4221461329416825e-05 -0.00070995449941901509 0
76 4.6453893427295615e-06 -8.4867495906557191e-05 0
77 -1.4805354702326023e-05 -1.5696807959318987e-05 0
78 1.8041346014990151e-05 -1.6488772543088649e-05 0
79 0.00015421535859037899 -0.0019558729454676143 0
80 -0.00011269170409942156 -0.0019556870476858629 0

