 1 -1.04249049356791e-29 -2.54672942124129e-30 0.0
 2 -4.81079979293933e-05 -0.000375943256734854 0.0
 3 4.81081968787681e-05 -0.000375943554326055 0.0
 4 1.04249049356257e-29 -2.54672942123525e-30 0.0
 5 -9.00145337929468e-06 -6.43748214205659e-06 0.0
 6 -1.69793154659994e-05 -1.65546148690635e-05 0.0
 7 -2.35542754225397e-05 -3.15967004592164e-05 0.0
 8 -2.91900116561142e-05 -5.05683107343174e-05 0.0
 9 -3.39022991150999e-05 -7.28838191468676e-05 0.0
 10 -3.77627663404281e-05 -9.79368157700881e-05 0.0
 11 -4.08533217821769e-05 -0.00012518486367968 0.0
 12 -4.32586976532363e-05 -0.000154142376361472 0.0
 13 -4.50643344059478e-05 -0.000184380908243798 0.0
 14 -4.63558470504245e-05 -0.000215529125378523 0.0
 15 -4.72188816480756e-05 -0.000247272762116079 0.0
 16 -4.7739091376978e-05 -0.000279354894280573 0.0
 17 -4.80013535647225e-05 -0.000311571008946393 0.0
 18 -4.80993952209656e-05 -0.000343797577775101 0.0
 19 -1.60210253669241e-05 -0.000375920747658269 0.0
 20 1.60209258920778e-05 -0.000375920767482264 0.0
 21 4.80998089206543e-05 -0.000343797583574017 0.0
 22 4.80025352784929e-05 -0.000311571216205955 0.0
 23 4.77381270298993e-05 -0.000279354142075849 0.0
 24 4.72187224277463e-05 -0.000247273070831731 0.0
 25 4.63558254077061e-05 -0.000215529193602829 0.0
 26 4.50643329456187e-05 -0.000184380920149142 0.0
 27 4.32586980205266e-05 -0.000154142377890568 0.0
 28 4.08533219829476e-05 -0.000125184863734641 0.0
 29 3.77627664004392e-05 -9.79368157223728e-05 0.0
 30 3.39022991291191e-05 -7.28838191259352e-05 0.0
 31 2.91900116588324e-05 -5.05683107284086e-05 0.0
 32 2.35542754229776e-05 -3.15967004578924e-05 0.0
 33 1.69793154660623e-05 -1.65546148688149e-05 0.0
 34 9.00145337930405e-06 -6.43748214202836e-06 0.0
 35 6.22528519309821e-30 1.16206604146497e-31 0.0
 36 -6.22528519304474e-30 1.16206604107543e-31 0.0
 37 4.64122107050274e-20 -3.01668963956179e-06 0.0
 38 -8.17406675882264e-06 -2.19139015398954e-05 0.0
 39 -1.31372786002437e-05 -6.020825273114e-05 0.0
 40 -1.64631092916692e-05 -0.000110571162384669 0.0
 41 2.3498014253229e-05 -0.000327514467427712 0.0
 42 2.00063457167627e-05 -0.000263154481856768 0.0
 43 1.9222524064868e-05 -0.000199546568085874 0.0
 44 1.76426735080626e-05 -0.000138895423511081 0.0
 45 1.09018603864672e-05 -3.92491954622804e-05 0.0
 46 -2.01899516833866e-05 -0.000295388304419923 0.0
 47 -1.96955373930646e-05 -0.000231130831238968 0.0
 48 1.49745335531881e-05 -8.41710962008661e-05 0.0
 49 -1.85503215024546e-05 -0.00016868715914259 0.0
 50 -1.76426732109677e-05 -0.00013889542347669 0.0
 51 -1.92225058544102e-05 -0.000199546553745441 0.0
 52 1.31372785982176e-05 -6.02082527217155e-05 0.0
 53 -2.00057560180266e-05 -0.000263154223379711 0.0
 54 8.17406675874016e-06 -2.19139015394809e-05 0.0
 55 -2.34986700219406e-05 -0.000327514732437357 0.0
 56 1.6463109304924e-05 -0.000110571162307 0.0
 57 2.09713792115706e-05 -0.000295383243667606 0.0
 58 1.85503241447226e-05 -0.000168687161001384 0.0
 59 1.96956466202848e-05 -0.000231130908138668 0.0
 60 -1.4974533558283e-05 -8.41710962337827e-05 0.0
 61 -1.09018603869342e-05 -3.92491954644487e-05 0.0
 62 -6.0252455285965e-06 -9.28291597202322e-06 0.0
 63 6.02524552860597e-06 -9.28291597193492e-06 0.0
 64 3.35530099973432e-11 -0.00034818673525057 0.0
 65 -6.04329028341225e-16 -2.97362331754284e-05 0.0
 66 -3.13789375922166e-15 -4.90360100877702e-05 0.0
 67 6.76700764192881e-10 -0.000311514943862055 0.0
 68 -1.53091445591201e-14 -7.16214008733828e-05 0.0
 69 -4.86381313813896e-10 -0.000279231574981045 0.0
 70 -7.67287867360668e-11 -0.000247062694239904 0.0
 71 -1.63461543928043e-11 -0.000215206619300291 0.0
 72 -6.87633112072921e-14 -9.69138582027454e-05 0.0
 73 -4.15431767209229e-12 -0.000183920948115892 0.0
 74 -1.1074834192517e-12 -0.000153519937549343 0.0
 75 -2.85353468160698e-13 -0.000124374853055269 0.0
 76 -8.99788479332048e-17 -1.44081959430918e-05 0.0
 77 -2.85107958192612e-06 -2.67394533180005e-06 0.0
 78 2.8510795819351e-06 -2.67394533178168e-06 0.0
 79 2.47633133235126e-05 -0.000352575757647305 0.0
 80 -2.47635565169872e-05 -0.000352575681482951 0.0
