0 7.7700902941794504e-29 2.2618243469203384e-29 6.8768219899362665e-29
1 0.013491379687793507 0.014841847772143174 0.0010392840652825876
2 0.026487552677058813 0.055573881744004898 0.00069720853324282603
3 0.03780008825370821 0.12077651558682061 0.00065738990125176872
4 0.047626001162942119 0.20707334643407968 0.00055414244167348379
5 0.055938431044721869 0.31152070998513282 0.00046345832897524178
6 0.062739193294142473 0.43107805513225761 0.00037060350498843822
7 0.068028931970547629 0.56272669968228561 0.00027750151629013948
8 0.071807576108579865 0.70344375882423915 0.00018714835578265493
9 0.07407116857037381 0.85020321070525695 8.4492338780060229e-05
10 0.074848749700326178 0.99999999999999989 3.4364118296371063e-05
11 -4.7428417705605954e-34 -3.8217941461143502e-29 -6.1701766633215602e-34
12 -4.0653523802303174e-08 0.013705502884576091 -2.991485050399951e-09
13 -8.2451067674128873e-08 0.05480730849186019 -2.0283340543796139e-09
14 -1.1792762219475829e-07 0.12005196691654471 -1.880878014982167e-09
15 -1.4890186882805437e-07 0.20646465248651025 -1.5990079645346629e-09
16 -1.7509558945790663e-07 0.31101051313111644 -1.3331030061557807e-09
17 -1.9652182209573149e-07 0.43067064791242937 -1.0670485689632048e-09
18 -2.1318949793250934e-07 0.56242085531052988 -7.9869382677107955e-10
19 -2.2509497339821189e-07 0.7032402945649936 -5.3921149441978913e-10
20 -2.3222330566642148e-07 0.85010048641232516 -2.4001641117945786e-10
21 -2.347023329246417e-07 0.99999999999999989 -1.160730340042225e-10
22 -7.7701428904771305e-29 2.2618510404308142e-29 -6.8768845000910579e-29
23 -0.013491462752890808 0.014841861746983624 -0.0010392900287751355
24 -0.026487716662484943 0.055573892290116965 -0.00069721247569551055
25 -0.037800323865188196 0.12077652488575356 -0.000657393725548357
26 -0.047626298629392425 0.20707335444826938 -0.00055414561894466074
27 -0.055938780900207305 0.311520716649129 -0.00046346100045270339
28 -0.06273958600558828 0.43107806046555186 -0.00037060563792665782
29 -0.06802935801501156 0.56272670368358257 -0.00027750311394563918
30 -0.071808025967182026 0.70344376148564336 -0.00018714943437251857
