0 8.0064062295911014e-27 2.3723021327985032e-27 0
1 0.013756891762350012 0.01555698911366124 0
2 0.026630517653400913 0.056641823869228065 0
3 0.037861469054070479 0.12208424832924299 0
4 0.047623935376293447 0.20846213351173193 0
5 0.055877962062811419 0.31286987231106073 0
6 0.062632713632189238 0.43228338075322031 0
7 0.067886087986112079 0.56370575038597281 0
8 0.071638567304731254 0.70413383944683405 0
9 0.073890040922272957 0.85056593573339989 0
10 0.0746405345125635 0.99999999999999989 0
11 -4.4120682326440819e-32 -3.943987464834752e-27 0
12 -3.8374894682216023e-08 0.013908908563276439 0
13 -7.7035651517652771e-08 0.055551171208090257 0
14 -1.096545898259127e-07 0.12104513703688911 0
15 -1.3822488462103379e-07 0.20759060089421802 0
16 -1.6235808939650968e-07 0.31213930241909726 0
17 -1.8210643745415583e-07 0.43169987858846243 0
18 -1.9746662455268483e-07 0.56326791563159384 0
19 -2.0843800511248949e-07 0.70384199325425756 0
20 -2.150208705316076e-07 0.8504200046321797 0
21 -2.172151555115487e-07 0.99999999999999989 0
22 -8.0064571089083509e-27 2.3723284992874597e-27 0
23 -0.013756970737749631 0.015557007345367153 0
24 -0.026630670507927019 0.056641837208414474 0
25 -0.037861688086121711 0.12208426027924697 0
26 -0.047624211379992454 0.20846214376045599 0
27 -0.055878286353389386 0.31286988084173539 0
28 -0.062633077418684707 0.43228338758039653 0
29 -0.067886482492577255 0.56370575550590607 0
30 -0.071638983754100286 0.70413384286017155 0
31 -0.073890470537343725 0.85056593744006748 0
32 -0.074640968516208342 0.99999999999999989 0
