1 -4.500000001512847e-28 -1.0969973313673754e-28 0
2 -0.0021221897708378593 -0.019548518432976822 0
3 0.00212218977083502 -0.019548518432974886 0
4 4.4999999999110405e-28 -1.0969973317734365e-28 0
5 -0.00040509310633203273 -0.00030217013539285523 0
6 -0.0010821466060344472 -0.0017162085607231048 0
7 -0.0015512323392872843 -0.0040945960082601216 0
8 -0.0018522924245650422 -0.0071089906670282858 0
9 -0.00202271633883104 -0.010503245418926822 0
10 -0.0020998298550298656 -0.014085402298469977 0
11 -0.0021209571559866352 -0.017727492651964764 0
12 -0.00077350644476123455 -0.00086114048379280089 0
13 -0.0013400643156293074 -0.0028072808893116336 0
14 -0.0017204256327485899 -0.0055398112788363502 0
15 -0.0019515009648627699 -0.0087721327921798965 0
16 -0.0020706041333945265 -0.012280333771302984 0
17 -0.0021150590233244334 -0.015904454433546617 0
18 -1.038422359257856e-12 -0.019548378527610714 0
19 0.0021209571559880915 -0.017727492654350221 0
20 0.0020998298549810019 -0.014085402293726896 0
21 0.0020227163391160312 -0.01050324542865091 0
22 0.0018522924252575726 -0.0071089906780979397 0
23 0.0015512323402065149 -0.0040945960158227457 0
24 0.0010821466053983894 -0.0017162085581756792 0
25 0.00040509310676437109 -0.00030217013596163658 0
26 0.0021150590233245579 -0.015904454433547526 0
27 0.002070604133391035 -0.012280333771292565 0
28 0.0019515009648876191 -0.0087721327922152034 0
29 0.0017204256327985246 -0.0055398112788775525 0
30 0.0013400643156617764 -0.0028072808893894107 0
31 0.00077350644474071038 -0.00086114048375906746 0
32 1.6018415424443581e-37 7.4756608983952614e-29 0
33 5.9247074742812756e-14 -0.00019618955346448845 0
34 4.2321579747368686e-14 -0.00078738908243965232 0
35 1.0636567741822952e-14 -0.0016516271183625181 0
36 -9.6222964313920279e-15 -0.0027542866010922202 0
37 -7.7949550689928203e-15 -0.0040515814420850876 0
38 -1.6540733083649203e-14 -0.0055058047845930966 0
39 -1.1088654469860507e-14 -0.0070829201689084041 0
40 -8.4383713015501445e-15 -0.0087529420623142177 0
41 -6.4624961093171284e-15 -0.01048987574636873 0
42 -4.2340485257049298e-15 -0.012271726816146617 0
43 -2.2849217127780214e-14 -0.014080499672987792 0
44 -8.7942078373142297e-14 -0.01590219776567961 0
45 -3.2485910259737083e-13 -0.017726823557893765 0