1 -2.8017526795000941e-27 -6.7724829395734762e-28 0
2 -0.013014093384970254 -0.12651191563972536 0
3 0.014349458197880419 -0.12651503252325072 0
4 3.0644473203844225e-27 -7.5720045959930778e-28 0
5 -0.0025497568060022639 -0.0019336169037858159 0
6 -0.0067882121845855995 -0.01114739319929957 0
7 -0.009682832473561085 -0.026608404491083624 0
8 -0.011503820495271176 -0.046161913918732402 0
9 -0.01250016628598126 -0.068133993618362559 0
10 -0.012920458257268968 -0.091278006130873474 0
11 -0.013013153863784006 -0.11477353691665818 0
12 -0.0048637839569178019 -0.0055780912218963367 0
13 -0.0083855230070133957 -0.018244387035160407 0
14 -0.010711948438353712 -0.035988258204278152 0
15 -0.012089536616654748 -0.05693353707690426 0
16 -0.012766782605780715 -0.079620773327701885 0
17 -0.012992249420798999 -0.10301645988960133 0
18 0.00066894807442568626 -0.12651292480578566 0
19 0.014338769291433219 -0.11478068505051846 0
20 0.014187129164155023 -0.091297400381583044 0
21 0.013654468991833146 -0.068165574559584649 0
22 0.0124920688400053 -0.046205672876538602 0
23 0.010451337804240493 -0.026664334657789127 0
24 0.0072832565948593355 -0.011215851664182104 0
25 0.0027267415493563607 -0.0020130115204798054 0
26 0.014294999093907527 -0.10302971222779259 0
27 0.013983980275685261 -0.079646265002766337 0
28 0.013167522632519486 -0.056971206925646715 0
29 0.011597038004426196 -0.036038104927599936 0
30 0.0090239985024274331 -0.018306421289762925 0
31 0.0052031144217757723 -0.0056542621226422897 0
32 2.2561607339284034e-28 4.8177732500244622e-28 0
33 8.0645164488779447e-05 -0.0012834866582844139 0
34 0.000169913732873218 -0.005137249149424125 0
35 0.00024928424639555945 -0.010763140441360385 0
36 0.00032104883314861904 -0.017932973340466254 0
37 0.0003860347313493983 -0.026359362267391835 0
38 0.00044432091471003249 -0.035795114333884229 0
39 0.00049590003924550319 -0.04601752809601526 0
40 0.00054076898061965065 -0.056830873926974154 0
41 0.00057892749384727039 -0.068066002155729721 0
42 0.00061037591925071322 -0.079580405206268245 0
43 0.00063511285565144115 -0.091258206371894038 0
44 0.00065311588418947328 -0.10301017025831607 0
45 0.0006642931365648916 -0.11477364641566452 0
