0.0000000000000000E+00 0.0000000000000000E+00 2.0515918731689453E-03 6.3257714282324002E+02
0.0000000000000000E+00 0.0000000000000000E+00 1.9073486328125000E-03 6.3255263096104750E+02
1.0000000000000000E-04 1.0000000000000000E-04 1.8756389617919922E-03 6.3252304406558460E+02
2.1000000000000001E-04 2.1000000000000001E-04 1.8553733825683594E-03 6.3248734421431709E+02
3.3100000000000002E-04 3.3100000000000002E-04 1.9042491912841797E-03 6.3244428741979834E+02
4.6410000000000006E-04 4.6410000000000006E-04 1.9407272338867188E-03 6.3239238575933712E+02
6.1051000000000009E-04 6.1051000000000009E-04 2.0303726196289062E-03 6.3232986378500698E+02
7.7156100000000014E-04 7.7156100000000014E-04 1.8880367279052734E-03 6.3225460909702736E+02
9.4871710000000021E-04 9.4871710000000021E-04 1.8246173858642578E-03 6.3216411724094166E+02
1.1435888100000003E-03 1.1435888100000003E-03 1.8212795257568359E-03 6.3205543165863583E+02
1.3579476910000005E-03 1.3579476910000005E-03 1.9896030426025391E-03 6.3192508028761040E+02
1.5937424601000006E-03 1.5937424601000006E-03 1.9598007202148438E-03 6.3176901165585809E+02
1.8531167061100009E-03 1.8531167061100009E-03 1.8818378448486328E-03 6.3158253506096491E+02
2.1384283767210011E-03 2.1384283767210011E-03 1.8682479858398438E-03 6.3136027173590719E+02
2.4522712143931012E-03 2.4522712143931012E-03 1.8904209136962891E-03 6.3109612681910460E+02
2.7974983358324116E-03 2.7974983358324116E-03 1.8448829650878906E-03 6.3078329537038144E+02
3.1772481694156531E-03 3.1772481694156531E-03 1.9030570983886719E-03 6.3041431928956501E+02
3.5949729863572187E-03 3.5949729863572187E-03 1.8496513366699219E-03 6.2998121512430532E+02
4.0544702849929408E-03 4.0544702849929408E-03 1.8727779388427734E-03 6.2947569421305752E+02
4.5599173134922349E-03 4.5599173134922349E-03 1.8239021301269531E-03 6.2888949461167522E+02
5.1159090448414588E-03 5.1159090448414588E-03 2.0136833190917969E-03 6.2821483649987022E+02
5.7274999493256047E-03 5.7274999493256047E-03 2.0358562469482422E-03 6.2744499694072169E+02
6.4002499442581658E-03 6.4002499442581658E-03 1.8937587738037109E-03 6.2657497480674056E+02
7.1402749386839832E-03 7.1402749386839832E-03 1.8994808197021484E-03 6.2560218440876190E+02
7.9543024325523827E-03 7.9543024325523827E-03 1.8620491027832031E-03 6.2452708478242448E+02
