1  50
2  5
3  5
4  50
5  43.8446668814674
6  43.8446668806442
7  14.0864167856399
8  14.0864167858246
9  46.9035317507851
10  39.3328669335184
11  29.7097462277297
12  19.2788628549174
13  9.5766237580418
14  43.4074959809361
15  34.75656143456
16  24.4492399416083
17  14.2758615626272
18  5
19  5
20  5
21  5
22  5
23  5
24  5
25  5
26  5
27  9.57662375211576
28  19.2788628596097
29  29.7097462276231
30  39.3328669374481
31  46.9035317464901
32  14.2758615626087
33  24.4492399415513
34  34.7565614344926
35  43.4074959808904
36  50
37  50
38  50
39  50
40  50
41  50
42  50
43  50
44  50
45  38.7188859533365
46  29.9723018211501
47  20.3708028743453
48  34.3652848718293
49  25.3681684969173
50  10.3398965971501