133  26.9024748157007
134  29.7833931290366
135  29.80719973571
136  29.7845852506605
137  29.7126934044709
138  21.4692543235751
139  21.4363683630137
140  22.661477476192
141  20.979576508292
142  29.9529862520567
143  29.9530716871903
144  29.9590326729434
145  23.9355955941384
146  23.908380976276
147  24.0142665704799
148  29.6223611809268
149  29.5799057386175
150  29.6151975345051
151  27.5904096021402
152  27.5655753926334
153  27.6092591218756
154  29.7582348505138
155  29.6608299537306
156  29.9220494125846
157  29.9469608994582
158  26.5089800335813
159  27.2608054412872
160  21.9765729691583
161  23.3344224008995
162  29.9746110749136
163  29.9613535007715
164  29.8749218700752
165  28.7801910105203
166  29.0875163652279
167  20.6277935520596
168  18.9120380489728
169  25.5844051153852
170  24.513179446587
171  28.3843822234478
172  27.8809755627447
173  29.8179765504371
174  29.3737801559661
175  29.5491032503852
176  16.802611332795
177  14.909124289763
178  29.9893850833349
179  29.9843095019192
180  29.4956214482708
181  29.841162258419
182  27.879347874737
183  25.5984380157304
184  24.549859234615
185  28.3769840699336
186  28.7854282126943
187  20.1217963210666
188  29.9463905234227
189  21.911166005715
190  23.313948008602
191  29.756763449632
192  26.4938095781882
193  27.2488108405641
194  29.6552105300581
195  29.9669034276063
196  29.9933955260728
197  29.9934372090101
198  11.4037345603879
199  11.4167626741637
200  29.9936030056651
201  29.9920902339002
202  11.1973669911755
203  13.2147074480013
204  29.9919515993074
205  29.9934972789861
206  13.1701144702308
207  11.2162301853874
208  29.9849785546109
209  29.9779834597509
210  16.6359018902012
211  18.3906246870525
212  14.6674960209735
213  29.9897886346774
214  14.4373774279319
215  14.1112258754523
216  29.9902729581779
217  29.9907469411666
218  29.9904783807926
219  14.3232988400552
220  29.098133794912
221  29.3039644696063
222  29.8906264922815
223  29.9202288979772
224  29.9925961677509
225  12.6397284979769
226  11.261398461666
227  29.9934507313103
228  29.9935226743294
229  11.233578968041
230  13.9872062537054
231  12.6279537454083
232  29.9925536196149
233  29.9909145099861
