133  19.9607451816613
134  20.0716921319962
135  20.0678855780478
136  20.0650481636791
137  20.0721191192208
138  19.1690629542451
139  19.2304808495056
140  19.4348088649203
141  19.0936952124234
142  20.0577704425686
143  20.0521717537737
144  20.0528007597448
145  19.6503986509372
146  19.6757695010415
147  19.6897573963548
148  20.0723287083971
149  20.0685018129083
150  20.0656687202353
151  20.002623422985
152  20.0011353390659
153  20.0034545537938
154  20.0573100591572
155  20.0576406599738
156  20.049623007919
157  20.0462379587853
158  19.9472243475112
159  19.9874195829909
160  19.4459637083357
161  19.6533021213867
162  20.0372439691079
163  20.0423899891308
164  20.0524315568149
165  20.0422432600434
166  20.0490181021023
167  19.175033181762
168  18.7110538275749
169  19.8835646930744
170  19.7881005347638
171  20.0312323728456
172  20.013880601349
173  20.0548644998311
174  20.053215253261
175  20.0556112357922
176  17.8763706412255
177  16.7465344058151
178  20.0253252909406
179  20.0309842329696
180  20.0540353107029
181  20.0535888624701
182  20.0124988247573
183  19.8933033552597
184  19.8085531258586
185  20.0282733215657
186  20.0385311238257
187  19.0615067939259
188  20.0426779673038
189  19.4719153683992
190  19.6737665254316
191  20.0517978979018
192  19.9499010759436
193  19.9873415311884
194  20.0521069100794
195  20.0403759620762
196  20.0179429469309
197  20.0178785437383
198  12.0291241051091
199  12.0357882028991
200  20.0121035050052
201  20.0178386313992
202  12.6547071047529
203  15.6061027563045
204  20.0180847688305
205  20.0121324952147
206  15.6159858127163
207  12.7473121748677
208  20.029073965604
209  20.0356601080477
210  17.8688034233946
211  18.5298888125305
212  16.6713217040598
213  20.0234584111676
214  15.5540738096467
215  15.2747276345975
216  20.0301297711586
217  20.0283732832767
218  20.0272313176369
219  15.7654840963208
220  20.0450790677043
221  20.0519335167486
222  20.0517552802775
223  20.046024308172
224  20.0223113439836
225  13.7337101582518
226  12.0474310753692
227  20.0157854629328
228  20.0158160465321
229  11.971406688714
230  15.5247185001596
231  13.6995278707262
232  20.0222221196752
233  20.0251707342069
