1  10
2  15.4901810553451
3  15.4901810553403
4  10
5  13.9726991473176
6  20.9471949297647
7  25.5497911990408
8  27.3955260011967
9  26.6468813692387
10  23.51469709931
11  18.4419854356688
12  17.692659289145
13  23.5905182553895
14  26.8113405056612
15  27.3321824536082
16  25.3626457385126
17  21.1701018430117
18  15.4901810553373
19  18.4419854319448
20  23.5146971047882
21  26.6468813637065
22  27.3955260029599
23  25.5497912080315
24  20.9471949220562
25  13.972699152363
26  21.1701018430965
27  25.3626457382506
28  27.3321824535376
29  26.8113405057375
30  23.5905182557318
31  17.6926592890644
32  10
33  13.972699148154
34  17.6926592886436
35  20.9471949283189
36  23.5905182554967
37  25.5497912023672
38  26.811340505917
39  27.3955260020494
40  27.332182453694
41  26.6468813657659
42  25.3626457382345
43  23.514697103764
44  21.1701018428384
45  18.4419854325733
