1  47.1607500531086
2  31
3  30.3619512241909
4  1.8
5  42.442346331659
6  30.5902721920993
7  30.3671414596402
8  30.2577091012427
9  30.1919630971224
10  30.1613051042105
11  30.170194828912
12  30.2307499355631
13  30.3637482490403
14  30.5994251538669
15  30.9828040401686
16  31.5749306813193
17  32.4861144759912
18  33.9663042224681
19  36.7133953053248
20  39.0363195628102
21  30.4512691266305
22  30.3056127853639
23  30.2202632694939
24  30.1720707067808
25  30.1603628039071
26  30.1931471622074
27  30.2863121510986
28  30.4663597503648
29  30.7694252044385
30  31.2476887853971
31  31.9801123153287
32  33.1260542049866
33  35.1116843871645
34  30.5038988721568
35  30.3911558934412
36  30.6378669062392
37  30.433368833733
38  30.3688664190567
39  30.3543343882289
40  25.9538231930757
41  32.4352518423338
42  32.7509861942534
43  32.1384400314884
44  31.4764917010351
45  30.9537894432472
46  30.5915843602398
47  30.361062099818
48  30.2299720851035
49  30.1697009464801
50  30.1597370443179
51  30.1865869707378
52  30.2396208124744
53  30.3047516602859
54  30.3342796739959
55  30.9561287289756
56  32.8341948775371
57  32.4757996108111
58  31.7950136709991
59  31.1945687436784
60  30.7540606562919
61  30.4619207607172
62  30.2853903157223
63  30.1923062995933
64  30.1592790282514
65  30.169369512138
66  30.2105706463122
67  30.2719936069219
68  37.3230789797212
69  45.1693817601159
70  27.8701498132208
71  42.240532875122
72  46.699379342921
73  36.9388011176799
74  30.4010265653348
75  30.1588072612978
76  30.2156929535247
77  31.5473162619503
78  33.4127405860761
79  30.2396229216325
80  30.5960262069752
81  32.2324634081244
82  30.1694600751829
83  30.959683415273
84  30.187662512285
85  30.3606906486579
86  30.3410907591141
87  35.6827888847614
88  33.3962361373097
89  30.3207488914011
90  30.3640986789287
91  30.2439792926241
92  30.1628669269981
93  30.1701847502811
94  30.5937618178516
95  30.1910262007118
96  31.4944079323154
97  30.9792509102958
98  32.3963371707188
99  33.1744127194675
100  30.2533850321158
