1  43.7565517095713
2  31
3  30.4174036601966
4  1.8
5  35.5030346288848
6  30.5713621929171
7  30.1428567290465
8  30.0552931551999
9  30.0920437230659
10  30.2220922143511
11  30.492799550383
12  31.4013801411907
13  30.2765218881
14  30.0782428073175
15  30.0617575490941
16  30.1448749645809
17  30.3310444609936
18  30.4699601062786
19  30.3804237089267
20  30.2178956784774
21  30.0918735410071
22  30.0549317552197
23  30.1328454478297
24  30.2897752881053
25  27.5879744919074
26  30.3093435632348
27  30.1440600456911
28  30.0616600262166
29  30.076354817403
30  30.223422076415
31  29.908373720844
32  40.1142908473882
33  30.5082410333607
34  30.7169376759124
35  30.4268556635462
36  30.2501941294942
37  30.1378377980496
38  30.077299607429
39  30.0551124082484
40  30.0617087802587
41  30.0919588048198
42  30.1444645834673
43  30.2200433228897
44  30.3193593215918
45  30.4507258790041
