1  10
2  29.9842305591142
3  29.9842305591109
4  10
5  13.98396490177
6  21.0190974381066
7  25.8606864820201
8  28.4565791645673
9  29.5399552732207
10  29.8911268336615
11  29.9769892384685
12  17.7237495753759
13  23.7447097219752
14  27.4024141293987
15  29.1329001561106
16  29.7696966884621
17  29.9508188167836
18  29.9842305591112
19  29.9769892384902
20  29.8911268334249
21  29.5399552749237
22  28.4565791704135
23  25.8606864921777
24  21.0190974302374
25  13.9839649068353
26  29.9508188167906
27  29.7696966884051
28  29.1329001560717
29  27.4024141294476
30  23.7447097222795
31  17.7237495752999
32  10
33  13.9839649026101
34  17.7237495748694
35  21.0190974366285
36  23.7447097220765
37  25.8606864857684
38  27.402414129699
39  28.4565791674742
40  29.1329001559923
41  29.5399552743087
42  29.7696966884243
43  29.8911268334713
44  29.9508188167963
45  29.9769892384859
