1  2.6
2  2.6
3  31.1454965187659
4  31.4538716039826
5  2.6
6  2.6
7  32.0514535088165
8  25.4458027252157
9  16.4957059658915
10  30.8300321411158
11  31.6010830054817
12  34.6867719806526
13  25.5880807264454
14  100.6
15  2.6
16  2.6
17  2.6
18  2.6
19  2.6
20  11.3574740927093
21  19.0773511729557
22  25.0314217456274
23  28.9597977643635
24  30.84835283887
25  31.6289626278277
26  32.1568443548205
27  32.4702440770926
28  31.964680842979
29  31.4133329652738
30  11.2658502304459
31  19.4646711120022
32  25.3947905127626
33  29.3586586269684
34  30.9900674013922
35  2.6
36  2.6
37  2.6
38  2.6
39  2.6
40  2.6
41  2.6
42  2.6
43  2.6
44  2.6
45  2.6
46  2.6
47  2.6
48  2.6
49  2.6
50  31.3625942412115
