1  1.6
2  1.6
3  100.6
4  100.6
5  1.6
6  1.6
7  100.6
8  37.8366948654134
9  18.4279882518324
10  100.6
11  100.6
12  100.6
13  37.9022688373228
14  44.2724886824123
15  1.6
16  1.6
17  1.6
18  1.6
19  1.6
20  16.3789391218569
21  31.6709175650027
22  47.7716939512427
23  64.8311604864678
24  82.6009312415444
25  100.6
26  100.6
27  100.6
28  100.6
29  100.6
30  17.3184916684908
31  33.2037748316813
32  49.547382241031
33  66.2594028411137
34  83.3484797899715
35  1.6
36  1.6
37  1.6
38  1.6
39  1.6
40  1.6
41  1.6
42  1.6
43  1.6
44  1.6
45  1.6
46  1.6
47  1.6
48  1.6
49  1.6
50  100.6
