1  13.7993630421121
2  13.0045677483065
3  13.0070110685772
4  13.7957906130884
5  13.806330303228
6  12.8965658471637
7  13.0045466728748
8  13.7993485491838
9  12.3335861172599
10  12.3248798453168
11  12.3422090253737
12  12.3335971534251
13  13.8245288892892
14  12.9212087255132
15  13.0262271595458
16  13.8115961486554
17  12.3906685649661
18  12.3565185961126
19  13.8116410335941
20  13.026376353373
21  13.8245880223242
22  12.9215366614988
23  12.3568946707915
24  12.3910685256568
25  13.8517531211147
26  12.980913909738
27  12.4995598767231
28  13.8265836763947
29  13.0540426509728
30  13.8453038908038
31  12.9739373178432
32  12.3882748235322
33  12.4420561964203
34  13.8832127493871
35  13.0661233734962
36  12.6031179205102
37  11.650160837889
38  11.6349929252022
39  11.7269984657508
40  11.650272019475
41  10.9244040376601
42  10.9032346338037
43  11.1117835734607
44  10.9249396985715
45  11.7854867618212
46  11.6812554854946
47  11.162228115946
48  10.9377673930587
49  10
50  10
51  10
52  10
53  10
54  10
55  11.6816029566721
56  11.7861406664115
57  10.9378578686135
58  11.1627305524133
59  11.9037903622337
60  11.2370241664977
