1  11.2414114975837
2  11.2424316481127
3  11.4050125226534
4  11.4016471510357
5  11.242418803338
6  11.2218907775426
7  11.4080922705347
8  11.4050106345951
9  11.2493513275979
10  11.4115516332693
11  11.2293307674621
12  11.4165311700872
13  11.2493670852864
14  11.229368694195
15  11.4165295323519
16  11.4115467392232
17  11.24433428133
18  11.4282937389207
19  11.0984432776291
20  11.1012520634208
21  11.1012079903168
22  11.1044511080883
23  11.107697456124
24  11.1162308816188
25  11.1076473105569
26  11.1162055149291
27  11.1407284743942
28  10.9518536586737
29  10.9557733105744
30  10.9556180213652
31  10.9729058588238
32  10.9634741333661
33  10.986416992123
34  10.9632992859171
35  10.9863195681886
36  11.0123322071642
37  11.2579843796205
38  11.4191651132905
39  11.2429879009
40  11.4261714984015
41  11.2660268392155
42  11.4259397934329
43  11.2545103838224
44  11.4345352402555
45  11.2654827540067
46  11.4419958235891
47  11.2818067528376
48  11.4547291227673
49  11.2711105695674
50  11.4295741164379
