330  -0.454092321745147
337  -0.567484524008041
338  -0.596074907200828
339  -0.602676785764029
340  -0.630921162792379
341  -0.702324315388119
342  -0.635109745204455
343  -0.666487677467807
344  -0.758449272836748
345  -0.601902087988295
346  -0.623165072062167
347  -0.674979546518178
348  -0.643542875728247
349  -0.679525088730678
350  -0.775568041352925
351  -0.687504081612848
352  -0.401359711200829
353  -0.697643007268312
354  -0.842631723211244
355  -0.490300612287456
356  -0.885986586154468
359  -0.749894190756057
360  -0.903598044401985