6310  7.00777439426128e-10
6311  -2.26580052789812e-09
6312  1.03634922581069e-08
6313  -2.1186038947306e-10
6314  6.68097714519965e-10
6315  -3.12132100263956e-09
6316  -0.0397762004330292
6317  -0.0460182382327893
6318  -0.0515680681902381
6319  -0.0455415013618371
6320  -0.0437390855205823
6321  -0.0373464063601651
6322  -1.90917431691615e-09
6323  3.60572209512773e-11
6324  -1.22802657324741e-10
6325  1.02673037034789e-08
6326  -2.14029386906185e-09
6327  -1.7571846926104e-09
6328  -1.94886091452852e-09
6329  4.69491077174097e-10
6330  -2.25371500286834e-09
