100  0.000287725021892968
101  0.000239487109431728
102  6.51015195239284e-05
103  0.000418360390566261
104  0.000695100947909542
105  0.00011841053666585
106  0.000745230270268164
107  0.00155214956876286
108  -0.00218100907895198
109  0.000502915198987293
110  0.00206940546040083
111  -0.000100127323893553
112  -0.0012251385696835
113  -0.00263987079126473
114  -0.00236862276135281
115  -0.000155901277895176
116  -0.000239852535688998
117  -0.00305089164066475
118  0.000190996771418783
119  -0.00545688210886177
120  0.000579180510396156
121  -0.000219216523123141
122  -0.00141865600256941
123  -0.00865160369166539
124  -8.99509445725068e-05
125  -0.00375564689083683
126  -0.000125389596609557
127  -0.00760882841914332
128  0.000254953852276821
129  -0.00649672558348422
130  -0.000466848324349205
131  -0.00011253003924276
132  0.000371406994764287
133  0.000105571321312606
134  -0.000222638935562521
135  -0.0240200497028155
136  0.000436231362124546
137  0.000413657809187159
138  0.00014359469311985
139  -0.013834859215644
140  -0.00414893245513014
141  -5.30925790943364e-05
142  -0.00588048336219698
143  0.000344793471343447
144  -0.017452978722355
145  -0.0109365904183506
146  0.00178745648624318
147  4.19894278062304e-05
148  -0.000150093689767147
149  4.19582047111049e-05
150  -0.000131206554784793
151  5.60241137246923e-05
152  -3.55502845594731e-05
153  0.000596956497932044
154  3.0625429695194e-05
155  -0.0140370936494099
